trade_id,strategy_name,session_date,direction,level_type,academic_source_key,setup_mode,feature_method,direction_mode,flow_mode,source_return_reference,source_window_start_timestamp,source_window_end_timestamp,source_window_open,source_window_high,source_window_low,source_window_close,source_window_return_points,source_window_return_ticks,source_window_volume,source_window_signed_volume,source_window_imbalance,source_window_large10_imbalance,source_window_large20_imbalance,primary_orderflow_imbalance,secondary_orderflow_imbalance,min_signal_return_ticks,min_orderflow_imbalance,morning_orderflow_signal_timestamp,morning_orderflow_intended_entry_timestamp,signal_stop_pct,signal_target_r_multiple,signal_flatten_time,swept_level,sweep_timestamp,sweep_high,sweep_low,reclaim_timestamp,entry_timestamp,entry_price,stop_price,target_price,risk_points,contracts,max_favorable_excursion,max_adverse_excursion,position_sizing_mode,exit_timestamp,exit_price,exit_reason,gross_pnl,net_pnl,r_multiple,commission,slippage_cost,apex_rules_enabled,latest_flat_time,force_flatten_time,latest_entry_time,was_forced_flatten,position_flat_before_deadline,pending_orders_cancelled_before_deadline,entry_before_latest_entry_time,exit_before_flatten_deadline,apex_rule_violation
1,morning_orderflow_momentum,2011-02-22,long,morning_orderflow_momentum_signed_flow_1030_flatten_1530,gao_han_li_zhou_intraday_momentum_and_orderflow_imbalance,signed_flow_1030_flatten_1530,sierra_morning_orderflow_momentum,two_sided_continuation,signed_imbalance,rth_open_to_signal_close,2011-02-22 09:30:00-05:00,2011-02-22 10:30:00-05:00,1326.5,1334.5,1323.25,1330.5,4.0,16.0,623619.0,38535.0,0.061792536789289615,0.06596190504631219,0.06877195789417545,0.061792536789289615,,16.0,0.02,2011-02-22 10:30:00-05:00,2011-02-22 10:30:00-05:00,0.0015,3.0,15:30:00,1326.5,2011-02-22 09:30:00-05:00,1334.5,1323.25,2011-02-22 10:30:00-05:00,2011-02-22 10:30:00-05:00,1331.0,1329.0,1337.0,2.0,1,2.25,2.0,fixed_contracts,2011-02-22 11:08:00-05:00,1328.75,stop,-112.5,-117.5,-1.125,5.0,25.0,True,16:59:59,16:58:30,16:45:00,False,True,True,True,True,False
2,morning_orderflow_momentum,2011-02-25,long,morning_orderflow_momentum_signed_flow_1030_flatten_1530,gao_han_li_zhou_intraday_momentum_and_orderflow_imbalance,signed_flow_1030_flatten_1530,sierra_morning_orderflow_momentum,two_sided_continuation,signed_imbalance,rth_open_to_signal_close,2011-02-25 09:30:00-05:00,2011-02-25 10:30:00-05:00,1310.5,1317.5,1309.75,1315.5,5.0,20.0,430622.0,20056.0,0.046574489923877554,0.05259361795133324,0.06001302931596091,0.046574489923877554,,16.0,0.02,2011-02-25 10:30:00-05:00,2011-02-25 10:30:00-05:00,0.0015,3.0,15:30:00,1310.5,2011-02-25 09:30:00-05:00,1317.5,1309.75,2011-02-25 10:30:00-05:00,2011-02-25 10:30:00-05:00,1315.5,1313.5,1321.5,2.0,1,2.5,2.25,fixed_contracts,2011-02-25 11:42:00-05:00,1313.25,stop,-112.5,-117.5,-1.125,5.0,25.0,True,16:59:59,16:58:30,16:45:00,False,True,True,True,True,False
3,morning_orderflow_momentum,2011-03-01,short,morning_orderflow_momentum_signed_flow_1030_flatten_1530,gao_han_li_zhou_intraday_momentum_and_orderflow_imbalance,signed_flow_1030_flatten_1530,sierra_morning_orderflow_momentum,two_sided_continuation,signed_imbalance,rth_open_to_signal_close,2011-03-01 09:30:00-05:00,2011-03-01 10:30:00-05:00,1331.5,1332.5,1319.0,1319.0,-12.5,-50.0,610523.0,-72780.0,-0.11920926811930099,-0.12773396231050835,-0.11684457692884144,-0.11920926811930099,,16.0,0.02,2011-03-01 10:30:00-05:00,2011-03-01 10:30:00-05:00,0.0015,3.0,15:30:00,1331.5,2011-03-01 09:30:00-05:00,1332.5,1319.0,2011-03-01 10:30:00-05:00,2011-03-01 10:30:00-05:00,1319.0,1321.0,1313.0,2.0,1,1.5,2.0,fixed_contracts,2011-03-01 10:41:00-05:00,1321.25,stop,-112.5,-117.5,-1.125,5.0,25.0,True,16:59:59,16:58:30,16:45:00,False,True,True,True,True,False
4,morning_orderflow_momentum,2011-03-02,long,morning_orderflow_momentum_signed_flow_1030_flatten_1530,gao_han_li_zhou_intraday_momentum_and_orderflow_imbalance,signed_flow_1030_flatten_1530,sierra_morning_orderflow_momentum,two_sided_continuation,signed_imbalance,rth_open_to_signal_close,2011-03-02 09:30:00-05:00,2011-03-02 10:30:00-05:00,1303.0,1309.75,1302.75,1307.5,4.5,18.0,531209.0,30154.0,0.05676485149912746,0.07183471938049123,0.07975218492392644,0.05676485149912746,,16.0,0.02,2011-03-02 10:30:00-05:00,2011-03-02 10:30:00-05:00,0.0015,3.0,15:30:00,1303.0,2011-03-02 09:30:00-05:00,1309.75,1302.75,2011-03-02 10:30:00-05:00,2011-03-02 10:30:00-05:00,1307.75,1305.75,1313.75,2.0,1,6.0,1.0,fixed_contracts,2011-03-02 11:04:00-05:00,1313.5,target,287.5,282.5,2.875,5.0,25.0,True,16:59:59,16:58:30,16:45:00,False,True,True,True,True,False
5,morning_orderflow_momentum,2011-03-04,short,morning_orderflow_momentum_signed_flow_1030_flatten_1530,gao_han_li_zhou_intraday_momentum_and_orderflow_imbalance,signed_flow_1030_flatten_1530,sierra_morning_orderflow_momentum,two_sided_continuation,signed_imbalance,rth_open_to_signal_close,2011-03-04 09:30:00-05:00,2011-03-04 10:30:00-05:00,1329.5,1330.5,1319.25,1321.25,-8.25,-33.0,621845.0,-67769.0,-0.1089805337342907,-0.12914889946020555,-0.1275207217853432,-0.1089805337342907,,16.0,0.02,2011-03-04 10:30:00-05:00,2011-03-04 10:30:00-05:00,0.0015,3.0,15:30:00,1329.5,2011-03-04 09:30:00-05:00,1330.5,1319.25,2011-03-04 10:30:00-05:00,2011-03-04 10:30:00-05:00,1321.25,1323.25,1315.25,2.0,1,0.75,2.25,fixed_contracts,2011-03-04 10:35:00-05:00,1323.5,stop,-112.5,-117.5,-1.125,5.0,25.0,True,16:59:59,16:58:30,16:45:00,False,True,True,True,True,False
6,morning_orderflow_momentum,2011-03-08,long,morning_orderflow_momentum_signed_flow_1030_flatten_1530,gao_han_li_zhou_intraday_momentum_and_orderflow_imbalance,signed_flow_1030_flatten_1530,sierra_morning_orderflow_momentum,two_sided_continuation,signed_imbalance,rth_open_to_signal_close,2011-03-08 09:30:00-05:00,2011-03-08 10:30:00-05:00,1311.75,1319.0,1306.0,1317.75,6.0,24.0,595550.0,70837.0,0.11894383343128201,0.18208935089073588,0.22551026937104102,0.11894383343128201,,16.0,0.02,2011-03-08 10:30:00-05:00,2011-03-08 10:30:00-05:00,0.0015,3.0,15:30:00,1311.75,2011-03-08 09:30:00-05:00,1319.0,1306.0,2011-03-08 10:30:00-05:00,2011-03-08 10:30:00-05:00,1318.0,1316.0,1324.0,2.0,1,0.25,2.0,fixed_contracts,2011-03-08 10:31:00-05:00,1315.75,stop,-112.5,-117.5,-1.125,5.0,25.0,True,16:59:59,16:58:30,16:45:00,False,True,True,True,True,False
7,morning_orderflow_momentum,2011-03-18,short,morning_orderflow_momentum_signed_flow_1030_flatten_1530,gao_han_li_zhou_intraday_momentum_and_orderflow_imbalance,signed_flow_1030_flatten_1530,sierra_morning_orderflow_momentum,two_sided_continuation,signed_imbalance,rth_open_to_signal_close,2011-03-18 09:30:00-04:00,2011-03-18 10:30:00-04:00,1284.5,1285.0,1277.5,1278.0,-6.5,-26.0,462294.0,-55104.0,-0.11919687471608977,-0.16657696657696658,-0.20184287099903006,-0.11919687471608977,,16.0,0.02,2011-03-18 10:30:00-04:00,2011-03-18 10:30:00-04:00,0.0015,3.0,15:30:00,1284.5,2011-03-18 09:30:00-04:00,1285.0,1277.5,2011-03-18 10:30:00-04:00,2011-03-18 10:30:00-04:00,1277.75,1279.75,1271.75,2.0,1,1.0,2.25,fixed_contracts,2011-03-18 10:40:00-04:00,1280.0,stop,-112.5,-117.5,-1.125,5.0,25.0,True,16:59:59,16:58:30,16:45:00,False,True,True,True,True,False
8,morning_orderflow_momentum,2011-03-21,long,morning_orderflow_momentum_signed_flow_1030_flatten_1530,gao_han_li_zhou_intraday_momentum_and_orderflow_imbalance,signed_flow_1030_flatten_1530,sierra_morning_orderflow_momentum,two_sided_continuation,signed_imbalance,rth_open_to_signal_close,2011-03-21 09:30:00-04:00,2011-03-21 10:30:00-04:00,1289.5,1296.25,1287.75,1295.25,5.75,23.0,390408.0,14839.0,0.038008954734534126,0.05489878394273501,0.04390342894468155,0.038008954734534126,,16.0,0.02,2011-03-21 10:30:00-04:00,2011-03-21 10:30:00-04:00,0.0015,3.0,15:30:00,1289.5,2011-03-21 09:30:00-04:00,1296.25,1287.75,2011-03-21 10:30:00-04:00,2011-03-21 10:30:00-04:00,1295.5,1293.5,1301.5,2.0,1,0.0,2.25,fixed_contracts,2011-03-21 10:38:00-04:00,1293.25,stop,-112.5,-117.5,-1.125,5.0,25.0,True,16:59:59,16:58:30,16:45:00,False,True,True,True,True,False
9,morning_orderflow_momentum,2011-04-05,long,morning_orderflow_momentum_signed_flow_1030_flatten_1530,gao_han_li_zhou_intraday_momentum_and_orderflow_imbalance,signed_flow_1030_flatten_1530,sierra_morning_orderflow_momentum,two_sided_continuation,signed_imbalance,rth_open_to_signal_close,2011-04-05 09:30:00-04:00,2011-04-05 10:30:00-04:00,1325.75,1330.5,1325.25,1329.75,4.0,16.0,347072.0,26154.0,0.07535612207265352,0.07715422087648227,0.08379119077903516,0.07535612207265352,,16.0,0.02,2011-04-05 10:30:00-04:00,2011-04-05 10:30:00-04:00,0.0015,3.0,15:30:00,1325.75,2011-04-05 09:30:00-04:00,1330.5,1325.25,2011-04-05 10:30:00-04:00,2011-04-05 10:30:00-04:00,1330.25,1328.25,1336.25,2.0,1,4.0,2.25,fixed_contracts,2011-04-05 15:10:00-04:00,1328.0,stop,-112.5,-117.5,-1.125,5.0,25.0,True,16:59:59,16:58:30,16:45:00,False,True,True,True,True,False
10,morning_orderflow_momentum,2011-04-08,short,morning_orderflow_momentum_signed_flow_1030_flatten_1530,gao_han_li_zhou_intraday_momentum_and_orderflow_imbalance,signed_flow_1030_flatten_1530,sierra_morning_orderflow_momentum,two_sided_continuation,signed_imbalance,rth_open_to_signal_close,2011-04-08 09:30:00-04:00,2011-04-08 10:30:00-04:00,1334.75,1335.75,1328.5,1329.25,-5.5,-22.0,297386.0,-19398.0,-0.06522835641220501,-0.06987442699167916,-0.06745367740746995,-0.06522835641220501,,16.0,0.02,2011-04-08 10:30:00-04:00,2011-04-08 10:30:00-04:00,0.0015,3.0,15:30:00,1334.75,2011-04-08 09:30:00-04:00,1335.75,1328.5,2011-04-08 10:30:00-04:00,2011-04-08 10:30:00-04:00,1329.0,1331.0,1323.0,2.0,1,0.0,2.0,fixed_contracts,2011-04-08 10:41:00-04:00,1331.25,stop,-112.5,-117.5,-1.125,5.0,25.0,True,16:59:59,16:58:30,16:45:00,False,True,True,True,True,False
11,morning_orderflow_momentum,2011-05-04,short,morning_orderflow_momentum_signed_flow_1030_flatten_1530,gao_han_li_zhou_intraday_momentum_and_orderflow_imbalance,signed_flow_1030_flatten_1530,sierra_morning_orderflow_momentum,two_sided_continuation,signed_imbalance,rth_open_to_signal_close,2011-05-04 09:30:00-04:00,2011-05-04 10:30:00-04:00,1352.25,1352.75,1340.75,1343.25,-9.0,-36.0,508765.0,-51946.0,-0.1021021493223787,-0.1278753712186037,-0.1381461561718853,-0.1021021493223787,,16.0,0.02,2011-05-04 10:30:00-04:00,2011-05-04 10:30:00-04:00,0.0015,3.0,15:30:00,1352.25,2011-05-04 09:30:00-04:00,1352.75,1340.75,2011-05-04 10:30:00-04:00,2011-05-04 10:30:00-04:00,1343.0,1345.25,1336.25,2.25,1,5.5,2.75,fixed_contracts,2011-05-04 14:19:00-04:00,1345.5,stop,-125.0,-130.0,-1.1111111111111112,5.0,25.0,True,16:59:59,16:58:30,16:45:00,False,True,True,True,True,False
12,morning_orderflow_momentum,2011-05-10,long,morning_orderflow_momentum_signed_flow_1030_flatten_1530,gao_han_li_zhou_intraday_momentum_and_orderflow_imbalance,signed_flow_1030_flatten_1530,sierra_morning_orderflow_momentum,two_sided_continuation,signed_imbalance,rth_open_to_signal_close,2011-05-10 09:30:00-04:00,2011-05-10 10:30:00-04:00,1346.75,1351.75,1345.25,1350.75,4.0,16.0,313551.0,14128.0,0.04505806073015235,0.047852244261015975,0.0454263030721436,0.04505806073015235,,16.0,0.02,2011-05-10 10:30:00-04:00,2011-05-10 10:30:00-04:00,0.0015,3.0,15:30:00,1346.75,2011-05-10 09:30:00-04:00,1351.75,1345.25,2011-05-10 10:30:00-04:00,2011-05-10 10:30:00-04:00,1350.75,1348.5,1357.5,2.25,1,1.0,2.5,fixed_contracts,2011-05-10 11:23:00-04:00,1348.25,stop,-125.0,-130.0,-1.1111111111111112,5.0,25.0,True,16:59:59,16:58:30,16:45:00,False,True,True,True,True,False
13,morning_orderflow_momentum,2011-05-16,long,morning_orderflow_momentum_signed_flow_1030_flatten_1530,gao_han_li_zhou_intraday_momentum_and_orderflow_imbalance,signed_flow_1030_flatten_1530,sierra_morning_orderflow_momentum,two_sided_continuation,signed_imbalance,rth_open_to_signal_close,2011-05-16 09:30:00-04:00,2011-05-16 10:30:00-04:00,1330.75,1337.25,1328.0,1336.0,5.25,21.0,423327.0,13006.0,0.03072329428550506,0.049363021547172356,0.07075377086007702,0.03072329428550506,,16.0,0.02,2011-05-16 10:30:00-04:00,2011-05-16 10:30:00-04:00,0.0015,3.0,15:30:00,1330.75,2011-05-16 09:30:00-04:00,1337.25,1328.0,2011-05-16 10:30:00-04:00,2011-05-16 10:30:00-04:00,1336.0,1333.75,1342.75,2.25,1,5.25,2.75,fixed_contracts,2011-05-16 12:51:00-04:00,1333.5,stop,-125.0,-130.0,-1.1111111111111112,5.0,25.0,True,16:59:59,16:58:30,16:45:00,False,True,True,True,True,False
14,morning_orderflow_momentum,2011-05-17,long,morning_orderflow_momentum_signed_flow_1030_flatten_1530,gao_han_li_zhou_intraday_momentum_and_orderflow_imbalance,signed_flow_1030_flatten_1530,sierra_morning_orderflow_momentum,two_sided_continuation,signed_imbalance,rth_open_to_signal_close,2011-05-17 09:30:00-04:00,2011-05-17 10:30:00-04:00,1322.0,1328.75,1320.0,1328.25,6.25,25.0,444252.0,34559.0,0.07779143369078811,0.09822179479926835,0.11106226416081812,0.07779143369078811,,16.0,0.02,2011-05-17 10:30:00-04:00,2011-05-17 10:30:00-04:00,0.0015,3.0,15:30:00,1322.0,2011-05-17 09:30:00-04:00,1328.75,1320.0,2011-05-17 10:30:00-04:00,2011-05-17 10:30:00-04:00,1328.5,1326.5,1334.5,2.0,1,0.0,2.0,fixed_contracts,2011-05-17 10:36:00-04:00,1326.25,stop,-112.5,-117.5,-1.125,5.0,25.0,True,16:59:59,16:58:30,16:45:00,False,True,True,True,True,False
15,morning_orderflow_momentum,2011-05-20,short,morning_orderflow_momentum_signed_flow_1030_flatten_1530,gao_han_li_zhou_intraday_momentum_and_orderflow_imbalance,signed_flow_1030_flatten_1530,sierra_morning_orderflow_momentum,two_sided_continuation,signed_imbalance,rth_open_to_signal_close,2011-05-20 09:30:00-04:00,2011-05-20 10:30:00-04:00,1338.5,1339.5,1330.5,1333.5,-5.0,-20.0,496722.0,-31013.0,-0.06243532599723789,-0.08505743231796158,-0.08966562479343526,-0.06243532599723789,,16.0,0.02,2011-05-20 10:30:00-04:00,2011-05-20 10:30:00-04:00,0.0015,3.0,15:30:00,1338.5,2011-05-20 09:30:00-04:00,1339.5,1330.5,2011-05-20 10:30:00-04:00,2011-05-20 10:30:00-04:00,1333.25,1335.25,1327.25,2.0,1,4.75,2.0,fixed_contracts,2011-05-20 11:38:00-04:00,1335.5,stop,-112.5,-117.5,-1.125,5.0,25.0,True,16:59:59,16:58:30,16:45:00,False,True,True,True,True,False
16,morning_orderflow_momentum,2011-05-25,long,morning_orderflow_momentum_signed_flow_1030_flatten_1530,gao_han_li_zhou_intraday_momentum_and_orderflow_imbalance,signed_flow_1030_flatten_1530,sierra_morning_orderflow_momentum,two_sided_continuation,signed_imbalance,rth_open_to_signal_close,2011-05-25 09:30:00-04:00,2011-05-25 10:30:00-04:00,1309.0,1315.0,1308.75,1314.0,5.0,20.0,423331.0,11397.0,0.026922195634149163,0.019714697868248116,0.02045929852407549,0.026922195634149163,,16.0,0.02,2011-05-25 10:30:00-04:00,2011-05-25 10:30:00-04:00,0.0015,3.0,15:30:00,1309.0,2011-05-25 09:30:00-04:00,1315.0,1308.75,2011-05-25 10:30:00-04:00,2011-05-25 10:30:00-04:00,1314.25,1312.25,1320.25,2.0,1,7.0,1.25,fixed_contracts,2011-05-25 11:45:00-04:00,1320.0,target,287.5,282.5,2.875,5.0,25.0,True,16:59:59,16:58:30,16:45:00,False,True,True,True,True,False
17,morning_orderflow_momentum,2011-05-31,short,morning_orderflow_momentum_signed_flow_1030_flatten_1530,gao_han_li_zhou_intraday_momentum_and_orderflow_imbalance,signed_flow_1030_flatten_1530,sierra_morning_orderflow_momentum,two_sided_continuation,signed_imbalance,rth_open_to_signal_close,2011-05-31 09:30:00-04:00,2011-05-31 10:30:00-04:00,1342.5,1344.0,1336.0,1337.75,-4.75,-19.0,359876.0,-27927.0,-0.07760172948460026,-0.07349654023919994,-0.07820632426593342,-0.07760172948460026,,16.0,0.02,2011-05-31 10:30:00-04:00,2011-05-31 10:30:00-04:00,0.0015,3.0,15:30:00,1342.5,2011-05-31 09:30:00-04:00,1344.0,1336.0,2011-05-31 10:30:00-04:00,2011-05-31 10:30:00-04:00,1337.5,1339.75,1330.75,2.25,1,4.25,2.25,fixed_contracts,2011-05-31 15:27:00-04:00,1340.0,stop,-125.0,-130.0,-1.1111111111111112,5.0,25.0,True,16:59:59,16:58:30,16:45:00,False,True,True,True,True,False
18,morning_orderflow_momentum,2011-06-01,short,morning_orderflow_momentum_signed_flow_1030_flatten_1530,gao_han_li_zhou_intraday_momentum_and_orderflow_imbalance,signed_flow_1030_flatten_1530,sierra_morning_orderflow_momentum,two_sided_continuation,signed_imbalance,rth_open_to_signal_close,2011-06-01 09:30:00-04:00,2011-06-01 10:30:00-04:00,1340.0,1341.0,1331.25,1331.5,-8.5,-34.0,508085.0,-49050.0,-0.0965389649369692,-0.1306310526914608,-0.15198328502817415,-0.0965389649369692,,16.0,0.02,2011-06-01 10:30:00-04:00,2011-06-01 10:30:00-04:00,0.0015,3.0,15:30:00,1340.0,2011-06-01 09:30:00-04:00,1341.0,1331.25,2011-06-01 10:30:00-04:00,2011-06-01 10:30:00-04:00,1331.25,1333.25,1325.25,2.0,1,6.0,1.25,fixed_contracts,2011-06-01 12:06:00-04:00,1325.5,target,287.5,282.5,2.875,5.0,25.0,True,16:59:59,16:58:30,16:45:00,False,True,True,True,True,False
19,morning_orderflow_momentum,2011-06-03,long,morning_orderflow_momentum_signed_flow_1030_flatten_1530,gao_han_li_zhou_intraday_momentum_and_orderflow_imbalance,signed_flow_1030_flatten_1530,sierra_morning_orderflow_momentum,two_sided_continuation,signed_imbalance,rth_open_to_signal_close,2011-06-03 09:30:00-04:00,2011-06-03 10:30:00-04:00,1296.0,1304.25,1295.5,1304.0,8.0,32.0,618770.0,39338.0,0.06357451072288572,0.07280560265084952,0.09799315943462315,0.06357451072288572,,16.0,0.02,2011-06-03 10:30:00-04:00,2011-06-03 10:30:00-04:00,0.0015,3.0,15:30:00,1296.0,2011-06-03 09:30:00-04:00,1304.25,1295.5,2011-06-03 10:30:00-04:00,2011-06-03 10:30:00-04:00,1304.25,1302.25,1310.25,2.0,1,3.25,2.5,fixed_contracts,2011-06-03 11:17:00-04:00,1302.0,stop,-112.5,-117.5,-1.125,5.0,25.0,True,16:59:59,16:58:30,16:45:00,False,True,True,True,True,False
20,morning_orderflow_momentum,2011-06-10,short,morning_orderflow_momentum_signed_flow_1030_flatten_1530,gao_han_li_zhou_intraday_momentum_and_orderflow_imbalance,signed_flow_1030_flatten_1530,sierra_morning_orderflow_momentum,two_sided_continuation,signed_imbalance,rth_open_to_signal_close,2011-06-10 09:30:00-04:00,2011-06-10 10:30:00-04:00,1283.0,1284.0,1274.5,1277.25,-5.75,-23.0,242613.0,-29820.0,-0.12291179780143685,-0.12695119716769804,-0.09968714880174953,-0.12291179780143685,,16.0,0.02,2011-06-10 10:30:00-04:00,2011-06-10 10:30:00-04:00,0.0015,3.0,15:30:00,1283.0,2011-06-10 09:30:00-04:00,1284.0,1274.5,2011-06-10 10:30:00-04:00,2011-06-10 10:30:00-04:00,1277.0,1279.0,1271.0,2.0,1,6.5,0.5,fixed_contracts,2011-06-10 11:06:00-04:00,1271.25,target,287.5,282.5,2.875,5.0,25.0,True,16:59:59,16:58:30,16:45:00,False,True,True,True,True,False
21,morning_orderflow_momentum,2011-06-14,long,morning_orderflow_momentum_signed_flow_1030_flatten_1530,gao_han_li_zhou_intraday_momentum_and_orderflow_imbalance,signed_flow_1030_flatten_1530,sierra_morning_orderflow_momentum,two_sided_continuation,signed_imbalance,rth_open_to_signal_close,2011-06-14 09:30:00-04:00,2011-06-14 10:30:00-04:00,1278.0,1282.25,1277.5,1282.0,4.0,16.0,532846.0,52532.0,0.0985875844052503,0.1219817640193764,0.1441758606387391,0.0985875844052503,,16.0,0.02,2011-06-14 10:30:00-04:00,2011-06-14 10:30:00-04:00,0.0015,3.0,15:30:00,1278.0,2011-06-14 09:30:00-04:00,1282.25,1277.5,2011-06-14 10:30:00-04:00,2011-06-14 10:30:00-04:00,1282.25,1280.25,1288.25,2.0,1,4.75,1.75,fixed_contracts,2011-06-14 15:30:00-04:00,1284.5,eod_flatten,112.5,107.5,1.125,5.0,25.0,True,16:59:59,16:58:30,16:45:00,False,True,True,True,True,False
22,morning_orderflow_momentum,2011-06-17,short,morning_orderflow_momentum_signed_flow_1030_flatten_1530,gao_han_li_zhou_intraday_momentum_and_orderflow_imbalance,signed_flow_1030_flatten_1530,sierra_morning_orderflow_momentum,two_sided_continuation,signed_imbalance,rth_open_to_signal_close,2011-06-17 09:30:00-04:00,2011-06-17 10:30:00-04:00,1274.75,1275.0,1267.25,1269.0,-5.75,-23.0,539128.0,-23448.0,-0.0434924544820525,-0.08456211486812838,-0.11812336373937923,-0.0434924544820525,,16.0,0.02,2011-06-17 10:30:00-04:00,2011-06-17 10:30:00-04:00,0.0015,3.0,15:30:00,1274.75,2011-06-17 09:30:00-04:00,1275.0,1267.25,2011-06-17 10:30:00-04:00,2011-06-17 10:30:00-04:00,1269.0,1271.0,1263.0,2.0,1,0.75,2.25,fixed_contracts,2011-06-17 10:39:00-04:00,1271.25,stop,-112.5,-117.5,-1.125,5.0,25.0,True,16:59:59,16:58:30,16:45:00,False,True,True,True,True,False
23,morning_orderflow_momentum,2011-06-20,long,morning_orderflow_momentum_signed_flow_1030_flatten_1530,gao_han_li_zhou_intraday_momentum_and_orderflow_imbalance,signed_flow_1030_flatten_1530,sierra_morning_orderflow_momentum,two_sided_continuation,signed_imbalance,rth_open_to_signal_close,2011-06-20 09:30:00-04:00,2011-06-20 10:30:00-04:00,1261.75,1268.25,1261.25,1267.25,5.5,22.0,377131.0,21511.0,0.05703853568123543,0.06765019474726375,0.05725874917460617,0.05703853568123543,,16.0,0.02,2011-06-20 10:30:00-04:00,2011-06-20 10:30:00-04:00,0.0015,3.0,15:30:00,1261.75,2011-06-20 09:30:00-04:00,1268.25,1261.25,2011-06-20 10:30:00-04:00,2011-06-20 10:30:00-04:00,1267.5,1265.5,1273.5,2.0,1,6.25,0.25,fixed_contracts,2011-06-20 11:44:00-04:00,1273.25,target,287.5,282.5,2.875,5.0,25.0,True,16:59:59,16:58:30,16:45:00,False,True,True,True,True,False
24,morning_orderflow_momentum,2011-06-21,long,morning_orderflow_momentum_signed_flow_1030_flatten_1530,gao_han_li_zhou_intraday_momentum_and_orderflow_imbalance,signed_flow_1030_flatten_1530,sierra_morning_orderflow_momentum,two_sided_continuation,signed_imbalance,rth_open_to_signal_close,2011-06-21 09:30:00-04:00,2011-06-21 10:30:00-04:00,1279.25,1285.5,1277.5,1284.75,5.5,22.0,395340.0,35690.0,0.09027672383265038,0.09610475601362595,0.10297477216340367,0.09027672383265038,,16.0,0.02,2011-06-21 10:30:00-04:00,2011-06-21 10:30:00-04:00,0.0015,3.0,15:30:00,1279.25,2011-06-21 09:30:00-04:00,1285.5,1277.5,2011-06-21 10:30:00-04:00,2011-06-21 10:30:00-04:00,1285.0,1283.0,1291.0,2.0,1,6.25,1.5,fixed_contracts,2011-06-21 11:38:00-04:00,1290.75,target,287.5,282.5,2.875,5.0,25.0,True,16:59:59,16:58:30,16:45:00,False,True,True,True,True,False
25,morning_orderflow_momentum,2011-06-23,short,morning_orderflow_momentum_signed_flow_1030_flatten_1530,gao_han_li_zhou_intraday_momentum_and_orderflow_imbalance,signed_flow_1030_flatten_1530,sierra_morning_orderflow_momentum,two_sided_continuation,signed_imbalance,rth_open_to_signal_close,2011-06-23 09:30:00-04:00,2011-06-23 10:30:00-04:00,1266.75,1267.25,1258.5,1262.0,-4.75,-19.0,656050.0,-26622.0,-0.04057922414450118,-0.06605433404729641,-0.07029938779750963,-0.04057922414450118,,16.0,0.02,2011-06-23 10:30:00-04:00,2011-06-23 10:30:00-04:00,0.0015,3.0,15:30:00,1266.75,2011-06-23 09:30:00-04:00,1267.25,1258.5,2011-06-23 10:30:00-04:00,2011-06-23 10:30:00-04:00,1262.0,1264.0,1256.0,2.0,1,5.0,2.25,fixed_contracts,2011-06-23 11:35:00-04:00,1264.25,stop,-112.5,-117.5,-1.125,5.0,25.0,True,16:59:59,16:58:30,16:45:00,False,True,True,True,True,False
26,morning_orderflow_momentum,2011-06-24,short,morning_orderflow_momentum_signed_flow_1030_flatten_1530,gao_han_li_zhou_intraday_momentum_and_orderflow_imbalance,signed_flow_1030_flatten_1530,sierra_morning_orderflow_momentum,two_sided_continuation,signed_imbalance,rth_open_to_signal_close,2011-06-24 09:30:00-04:00,2011-06-24 10:30:00-04:00,1278.25,1279.25,1265.5,1267.25,-11.0,-44.0,521161.0,-55592.0,-0.10666953206398791,-0.13517769655494205,-0.14416236841600674,-0.10666953206398791,,16.0,0.02,2011-06-24 10:30:00-04:00,2011-06-24 10:30:00-04:00,0.0015,3.0,15:30:00,1278.25,2011-06-24 09:30:00-04:00,1279.25,1265.5,2011-06-24 10:30:00-04:00,2011-06-24 10:30:00-04:00,1267.0,1269.0,1261.0,2.0,1,1.0,2.75,fixed_contracts,2011-06-24 10:34:00-04:00,1269.25,stop,-112.5,-117.5,-1.125,5.0,25.0,True,16:59:59,16:58:30,16:45:00,False,True,True,True,True,False
27,morning_orderflow_momentum,2011-06-27,long,morning_orderflow_momentum_signed_flow_1030_flatten_1530,gao_han_li_zhou_intraday_momentum_and_orderflow_imbalance,signed_flow_1030_flatten_1530,sierra_morning_orderflow_momentum,two_sided_continuation,signed_imbalance,rth_open_to_signal_close,2011-06-27 09:30:00-04:00,2011-06-27 10:30:00-04:00,1264.25,1273.0,1261.75,1273.0,8.75,35.0,407378.0,39949.0,0.09806371478086691,0.11135150171149522,0.1131881371130561,0.09806371478086691,,16.0,0.02,2011-06-27 10:30:00-04:00,2011-06-27 10:30:00-04:00,0.0015,3.0,15:30:00,1264.25,2011-06-27 09:30:00-04:00,1273.0,1261.75,2011-06-27 10:30:00-04:00,2011-06-27 10:30:00-04:00,1273.25,1271.25,1279.25,2.0,1,0.25,2.0,fixed_contracts,2011-06-27 10:34:00-04:00,1271.0,stop,-112.5,-117.5,-1.125,5.0,25.0,True,16:59:59,16:58:30,16:45:00,False,True,True,True,True,False
28,morning_orderflow_momentum,2011-06-28,long,morning_orderflow_momentum_signed_flow_1030_flatten_1530,gao_han_li_zhou_intraday_momentum_and_orderflow_imbalance,signed_flow_1030_flatten_1530,sierra_morning_orderflow_momentum,two_sided_continuation,signed_imbalance,rth_open_to_signal_close,2011-06-28 09:30:00-04:00,2011-06-28 10:30:00-04:00,1279.75,1286.25,1278.0,1286.0,6.25,25.0,377827.0,30141.0,0.07977460583812168,0.08626988044901376,0.0950376431682041,0.07977460583812168,,16.0,0.02,2011-06-28 10:30:00-04:00,2011-06-28 10:30:00-04:00,0.0015,3.0,15:30:00,1279.75,2011-06-28 09:30:00-04:00,1286.25,1278.0,2011-06-28 10:30:00-04:00,2011-06-28 10:30:00-04:00,1286.0,1284.0,1292.0,2.0,1,5.75,1.5,fixed_contracts,2011-06-28 15:30:00-04:00,1289.25,eod_flatten,162.5,157.5,1.625,5.0,25.0,True,16:59:59,16:58:30,16:45:00,False,True,True,True,True,False
29,morning_orderflow_momentum,2011-06-30,long,morning_orderflow_momentum_signed_flow_1030_flatten_1530,gao_han_li_zhou_intraday_momentum_and_orderflow_imbalance,signed_flow_1030_flatten_1530,sierra_morning_orderflow_momentum,two_sided_continuation,signed_imbalance,rth_open_to_signal_close,2011-06-30 09:30:00-04:00,2011-06-30 10:30:00-04:00,1307.0,1315.5,1305.5,1314.25,7.25,29.0,530099.0,39621.0,0.07474264241207774,0.09975651415488607,0.11194164715291476,0.07474264241207774,,16.0,0.02,2011-06-30 10:30:00-04:00,2011-06-30 10:30:00-04:00,0.0015,3.0,15:30:00,1307.0,2011-06-30 09:30:00-04:00,1315.5,1305.5,2011-06-30 10:30:00-04:00,2011-06-30 10:30:00-04:00,1314.5,1312.5,1320.5,2.0,1,0.0,2.25,fixed_contracts,2011-06-30 10:45:00-04:00,1312.25,stop,-112.5,-117.5,-1.125,5.0,25.0,True,16:59:59,16:58:30,16:45:00,False,True,True,True,True,False
30,morning_orderflow_momentum,2011-07-01,long,morning_orderflow_momentum_signed_flow_1030_flatten_1530,gao_han_li_zhou_intraday_momentum_and_orderflow_imbalance,signed_flow_1030_flatten_1530,sierra_morning_orderflow_momentum,two_sided_continuation,signed_imbalance,rth_open_to_signal_close,2011-07-01 09:30:00-04:00,2011-07-01 10:30:00-04:00,1315.5,1326.25,1313.25,1325.5,10.0,40.0,534543.0,32994.0,0.06172375281315067,0.07213890248513287,0.09053539370144796,0.06172375281315067,,16.0,0.02,2011-07-01 10:30:00-04:00,2011-07-01 10:30:00-04:00,0.0015,3.0,15:30:00,1315.5,2011-07-01 09:30:00-04:00,1326.25,1313.25,2011-07-01 10:30:00-04:00,2011-07-01 10:30:00-04:00,1325.75,1323.75,1331.75,2.0,1,6.0,1.0,fixed_contracts,2011-07-01 13:09:00-04:00,1331.5,target,287.5,282.5,2.875,5.0,25.0,True,16:59:59,16:58:30,16:45:00,False,True,True,True,True,False
31,morning_orderflow_momentum,2011-07-13,long,morning_orderflow_momentum_signed_flow_1030_flatten_1530,gao_han_li_zhou_intraday_momentum_and_orderflow_imbalance,signed_flow_1030_flatten_1530,sierra_morning_orderflow_momentum,two_sided_continuation,signed_imbalance,rth_open_to_signal_close,2011-07-13 09:30:00-04:00,2011-07-13 10:30:00-04:00,1316.5,1324.25,1313.75,1322.5,6.0,24.0,521852.0,25982.0,0.04978806251580908,0.06236722546738219,0.05608223047454889,0.04978806251580908,,16.0,0.02,2011-07-13 10:30:00-04:00,2011-07-13 10:30:00-04:00,0.0015,3.0,15:30:00,1316.5,2011-07-13 09:30:00-04:00,1324.25,1313.75,2011-07-13 10:30:00-04:00,2011-07-13 10:30:00-04:00,1323.0,1321.0,1329.0,2.0,1,4.75,2.25,fixed_contracts,2011-07-13 13:54:00-04:00,1320.75,stop,-112.5,-117.5,-1.125,5.0,25.0,True,16:59:59,16:58:30,16:45:00,False,True,True,True,True,False
32,morning_orderflow_momentum,2011-07-14,long,morning_orderflow_momentum_signed_flow_1030_flatten_1530,gao_han_li_zhou_intraday_momentum_and_orderflow_imbalance,signed_flow_1030_flatten_1530,sierra_morning_orderflow_momentum,two_sided_continuation,signed_imbalance,rth_open_to_signal_close,2011-07-14 09:30:00-04:00,2011-07-14 10:30:00-04:00,1317.0,1323.25,1315.0,1321.75,4.75,19.0,375654.0,11111.0,0.029577749737790628,0.025276369564731893,0.018433615649969416,0.029577749737790628,,16.0,0.02,2011-07-14 10:30:00-04:00,2011-07-14 10:30:00-04:00,0.0015,3.0,15:30:00,1317.0,2011-07-14 09:30:00-04:00,1323.25,1315.0,2011-07-14 10:30:00-04:00,2011-07-14 10:30:00-04:00,1322.25,1320.25,1328.25,2.0,1,0.25,2.25,fixed_contracts,2011-07-14 10:31:00-04:00,1320.0,stop,-112.5,-117.5,-1.125,5.0,25.0,True,16:59:59,16:58:30,16:45:00,False,True,True,True,True,False
33,morning_orderflow_momentum,2011-07-15,short,morning_orderflow_momentum_signed_flow_1030_flatten_1530,gao_han_li_zhou_intraday_momentum_and_orderflow_imbalance,signed_flow_1030_flatten_1530,sierra_morning_orderflow_momentum,two_sided_continuation,signed_imbalance,rth_open_to_signal_close,2011-07-15 09:30:00-04:00,2011-07-15 10:30:00-04:00,1312.0,1314.0,1303.0,1304.75,-7.25,-29.0,583974.0,-39152.0,-0.06704408072962152,-0.0724417301627747,-0.06366905224454168,-0.06704408072962152,,16.0,0.02,2011-07-15 10:30:00-04:00,2011-07-15 10:30:00-04:00,0.0015,3.0,15:30:00,1312.0,2011-07-15 09:30:00-04:00,1314.0,1303.0,2011-07-15 10:30:00-04:00,2011-07-15 10:30:00-04:00,1304.5,1306.5,1298.5,2.0,1,1.5,2.75,fixed_contracts,2011-07-15 10:44:00-04:00,1306.75,stop,-112.5,-117.5,-1.125,5.0,25.0,True,16:59:59,16:58:30,16:45:00,False,True,True,True,True,False
34,morning_orderflow_momentum,2011-07-18,short,morning_orderflow_momentum_signed_flow_1030_flatten_1530,gao_han_li_zhou_intraday_momentum_and_orderflow_imbalance,signed_flow_1030_flatten_1530,sierra_morning_orderflow_momentum,two_sided_continuation,signed_imbalance,rth_open_to_signal_close,2011-07-18 09:30:00-04:00,2011-07-18 10:30:00-04:00,1306.25,1308.0,1296.25,1299.25,-7.0,-28.0,479231.0,-39102.0,-0.08159321913649159,-0.09886986387404491,-0.09712323571100596,-0.08159321913649159,,16.0,0.02,2011-07-18 10:30:00-04:00,2011-07-18 10:30:00-04:00,0.0015,3.0,15:30:00,1306.25,2011-07-18 09:30:00-04:00,1308.0,1296.25,2011-07-18 10:30:00-04:00,2011-07-18 10:30:00-04:00,1299.0,1301.0,1293.0,2.0,1,6.25,0.5,fixed_contracts,2011-07-18 11:41:00-04:00,1293.25,target,287.5,282.5,2.875,5.0,25.0,True,16:59:59,16:58:30,16:45:00,False,True,True,True,True,False
35,morning_orderflow_momentum,2011-07-19,long,morning_orderflow_momentum_signed_flow_1030_flatten_1530,gao_han_li_zhou_intraday_momentum_and_orderflow_imbalance,signed_flow_1030_flatten_1530,sierra_morning_orderflow_momentum,two_sided_continuation,signed_imbalance,rth_open_to_signal_close,2011-07-19 09:30:00-04:00,2011-07-19 10:30:00-04:00,1308.5,1316.25,1308.25,1315.0,6.5,26.0,419201.0,24393.0,0.058189269586666065,0.07737404050610004,0.07949845729665857,0.058189269586666065,,16.0,0.02,2011-07-19 10:30:00-04:00,2011-07-19 10:30:00-04:00,0.0015,3.0,15:30:00,1308.5,2011-07-19 09:30:00-04:00,1316.25,1308.25,2011-07-19 10:30:00-04:00,2011-07-19 10:30:00-04:00,1315.0,1313.0,1321.0,2.0,1,1.0,2.0,fixed_contracts,2011-07-19 11:09:00-04:00,1312.75,stop,-112.5,-117.5,-1.125,5.0,25.0,True,16:59:59,16:58:30,16:45:00,False,True,True,True,True,False
36,morning_orderflow_momentum,2011-07-21,long,morning_orderflow_momentum_signed_flow_1030_flatten_1530,gao_han_li_zhou_intraday_momentum_and_orderflow_imbalance,signed_flow_1030_flatten_1530,sierra_morning_orderflow_momentum,two_sided_continuation,signed_imbalance,rth_open_to_signal_close,2011-07-21 09:30:00-04:00,2011-07-21 10:30:00-04:00,1329.0,1341.5,1326.5,1341.0,12.0,48.0,538261.0,44049.0,0.08183576369084887,0.09913396151617723,0.11171217256005286,0.08183576369084887,,16.0,0.02,2011-07-21 10:30:00-04:00,2011-07-21 10:30:00-04:00,0.0015,3.0,15:30:00,1329.0,2011-07-21 09:30:00-04:00,1341.5,1326.5,2011-07-21 10:30:00-04:00,2011-07-21 10:30:00-04:00,1341.25,1339.0,1348.0,2.25,1,0.25,2.25,fixed_contracts,2011-07-21 10:57:00-04:00,1338.75,stop,-125.0,-130.0,-1.1111111111111112,5.0,25.0,True,16:59:59,16:58:30,16:45:00,False,True,True,True,True,False
37,morning_orderflow_momentum,2011-07-22,short,morning_orderflow_momentum_signed_flow_1030_flatten_1530,gao_han_li_zhou_intraday_momentum_and_orderflow_imbalance,signed_flow_1030_flatten_1530,sierra_morning_orderflow_momentum,two_sided_continuation,signed_imbalance,rth_open_to_signal_close,2011-07-22 09:30:00-04:00,2011-07-22 10:30:00-04:00,1340.5,1341.75,1332.75,1335.0,-5.5,-22.0,407912.0,-20361.0,-0.04991517778344349,-0.06571348656608368,-0.06241973063590385,-0.04991517778344349,,16.0,0.02,2011-07-22 10:30:00-04:00,2011-07-22 10:30:00-04:00,0.0015,3.0,15:30:00,1340.5,2011-07-22 09:30:00-04:00,1341.75,1332.75,2011-07-22 10:30:00-04:00,2011-07-22 10:30:00-04:00,1334.75,1337.0,1328.0,2.25,1,0.25,2.5,fixed_contracts,2011-07-22 10:37:00-04:00,1337.25,stop,-125.0,-130.0,-1.1111111111111112,5.0,25.0,True,16:59:59,16:58:30,16:45:00,False,True,True,True,True,False
38,morning_orderflow_momentum,2011-07-25,long,morning_orderflow_momentum_signed_flow_1030_flatten_1530,gao_han_li_zhou_intraday_momentum_and_orderflow_imbalance,signed_flow_1030_flatten_1530,sierra_morning_orderflow_momentum,two_sided_continuation,signed_imbalance,rth_open_to_signal_close,2011-07-25 09:30:00-04:00,2011-07-25 10:30:00-04:00,1328.25,1336.5,1326.75,1335.0,6.75,27.0,405105.0,14844.0,0.03664235198281927,0.03477164887307236,0.047600514217646155,0.03664235198281927,,16.0,0.02,2011-07-25 10:30:00-04:00,2011-07-25 10:30:00-04:00,0.0015,3.0,15:30:00,1328.25,2011-07-25 09:30:00-04:00,1336.5,1326.75,2011-07-25 10:30:00-04:00,2011-07-25 10:30:00-04:00,1335.0,1332.75,1341.75,2.25,1,1.75,2.5,fixed_contracts,2011-07-25 10:52:00-04:00,1332.5,stop,-125.0,-130.0,-1.1111111111111112,5.0,25.0,True,16:59:59,16:58:30,16:45:00,False,True,True,True,True,False
39,morning_orderflow_momentum,2011-07-26,short,morning_orderflow_momentum_signed_flow_1030_flatten_1530,gao_han_li_zhou_intraday_momentum_and_orderflow_imbalance,signed_flow_1030_flatten_1530,sierra_morning_orderflow_momentum,two_sided_continuation,signed_imbalance,rth_open_to_signal_close,2011-07-26 09:30:00-04:00,2011-07-26 10:30:00-04:00,1332.5,1334.25,1325.5,1328.0,-4.5,-18.0,468349.0,-12983.0,-0.0277207808706755,-0.046881836001419305,-0.0575276321249387,-0.0277207808706755,,16.0,0.02,2011-07-26 10:30:00-04:00,2011-07-26 10:30:00-04:00,0.0015,3.0,15:30:00,1332.5,2011-07-26 09:30:00-04:00,1334.25,1325.5,2011-07-26 10:30:00-04:00,2011-07-26 10:30:00-04:00,1327.75,1329.75,1321.75,2.0,1,0.75,2.0,fixed_contracts,2011-07-26 10:42:00-04:00,1330.0,stop,-112.5,-117.5,-1.125,5.0,25.0,True,16:59:59,16:58:30,16:45:00,False,True,True,True,True,False
40,morning_orderflow_momentum,2011-07-27,short,morning_orderflow_momentum_signed_flow_1030_flatten_1530,gao_han_li_zhou_intraday_momentum_and_orderflow_imbalance,signed_flow_1030_flatten_1530,sierra_morning_orderflow_momentum,two_sided_continuation,signed_imbalance,rth_open_to_signal_close,2011-07-27 09:30:00-04:00,2011-07-27 10:30:00-04:00,1321.25,1321.5,1308.25,1308.75,-12.5,-50.0,513136.0,-46226.0,-0.09008527953602943,-0.10648747480948631,-0.13257803295940843,-0.09008527953602943,,16.0,0.02,2011-07-27 10:30:00-04:00,2011-07-27 10:30:00-04:00,0.0015,3.0,15:30:00,1321.25,2011-07-27 09:30:00-04:00,1321.5,1308.25,2011-07-27 10:30:00-04:00,2011-07-27 10:30:00-04:00,1308.5,1310.5,1302.5,2.0,1,1.25,2.0,fixed_contracts,2011-07-27 10:34:00-04:00,1310.75,stop,-112.5,-117.5,-1.125,5.0,25.0,True,16:59:59,16:58:30,16:45:00,False,True,True,True,True,False
41,morning_orderflow_momentum,2011-08-01,short,morning_orderflow_momentum_signed_flow_1030_flatten_1530,gao_han_li_zhou_intraday_momentum_and_orderflow_imbalance,signed_flow_1030_flatten_1530,sierra_morning_orderflow_momentum,two_sided_continuation,signed_imbalance,rth_open_to_signal_close,2011-08-01 09:30:00-04:00,2011-08-01 10:30:00-04:00,1303.25,1304.75,1275.5,1281.0,-22.25,-89.0,894768.0,-48371.0,-0.054059823328505265,-0.056974423418095804,-0.02254900231562556,-0.054059823328505265,,16.0,0.02,2011-08-01 10:30:00-04:00,2011-08-01 10:30:00-04:00,0.0015,3.0,15:30:00,1303.25,2011-08-01 09:30:00-04:00,1304.75,1275.5,2011-08-01 10:30:00-04:00,2011-08-01 10:30:00-04:00,1280.75,1282.75,1274.75,2.0,1,0.75,2.0,fixed_contracts,2011-08-01 10:39:00-04:00,1283.0,stop,-112.5,-117.5,-1.125,5.0,25.0,True,16:59:59,16:58:30,16:45:00,False,True,True,True,True,False
42,morning_orderflow_momentum,2011-08-03,short,morning_orderflow_momentum_signed_flow_1030_flatten_1530,gao_han_li_zhou_intraday_momentum_and_orderflow_imbalance,signed_flow_1030_flatten_1530,sierra_morning_orderflow_momentum,two_sided_continuation,signed_imbalance,rth_open_to_signal_close,2011-08-03 09:30:00-04:00,2011-08-03 10:30:00-04:00,1251.75,1254.0,1240.25,1243.0,-8.75,-35.0,658919.0,-30104.0,-0.04568695089988299,-0.05133956485760887,-0.06428600866988134,-0.04568695089988299,,16.0,0.02,2011-08-03 10:30:00-04:00,2011-08-03 10:30:00-04:00,0.0015,3.0,15:30:00,1251.75,2011-08-03 09:30:00-04:00,1254.0,1240.25,2011-08-03 10:30:00-04:00,2011-08-03 10:30:00-04:00,1243.0,1245.0,1237.0,2.0,1,6.75,0.25,fixed_contracts,2011-08-03 10:34:00-04:00,1237.25,target,287.5,282.5,2.875,5.0,25.0,True,16:59:59,16:58:30,16:45:00,False,True,True,True,True,False
43,morning_orderflow_momentum,2011-08-04,short,morning_orderflow_momentum_signed_flow_1030_flatten_1530,gao_han_li_zhou_intraday_momentum_and_orderflow_imbalance,signed_flow_1030_flatten_1530,sierra_morning_orderflow_momentum,two_sided_continuation,signed_imbalance,rth_open_to_signal_close,2011-08-04 09:30:00-04:00,2011-08-04 10:30:00-04:00,1239.25,1241.0,1229.25,1233.5,-5.75,-23.0,691234.0,-33241.0,-0.04808935903037177,-0.06447293984537054,-0.06185964813556869,-0.04808935903037177,,16.0,0.02,2011-08-04 10:30:00-04:00,2011-08-04 10:30:00-04:00,0.0015,3.0,15:30:00,1239.25,2011-08-04 09:30:00-04:00,1241.0,1229.25,2011-08-04 10:30:00-04:00,2011-08-04 10:30:00-04:00,1233.25,1235.25,1227.25,2.0,1,0.25,3.25,fixed_contracts,2011-08-04 10:31:00-04:00,1235.5,stop,-112.5,-117.5,-1.125,5.0,25.0,True,16:59:59,16:58:30,16:45:00,False,True,True,True,True,False
44,morning_orderflow_momentum,2011-08-15,long,morning_orderflow_momentum_signed_flow_1030_flatten_1530,gao_han_li_zhou_intraday_momentum_and_orderflow_imbalance,signed_flow_1030_flatten_1530,sierra_morning_orderflow_momentum,two_sided_continuation,signed_imbalance,rth_open_to_signal_close,2011-08-15 09:30:00-04:00,2011-08-15 10:30:00-04:00,1186.5,1196.75,1185.5,1196.25,9.75,39.0,419374.0,23192.0,0.05530147314807308,0.07030382629318695,0.09575692788422005,0.05530147314807308,,16.0,0.02,2011-08-15 10:30:00-04:00,2011-08-15 10:30:00-04:00,0.0015,3.0,15:30:00,1186.5,2011-08-15 09:30:00-04:00,1196.75,1185.5,2011-08-15 10:30:00-04:00,2011-08-15 10:30:00-04:00,1196.25,1194.25,1202.25,2.0,1,0.75,2.0,fixed_contracts,2011-08-15 10:35:00-04:00,1194.0,stop,-112.5,-117.5,-1.125,5.0,25.0,True,16:59:59,16:58:30,16:45:00,False,True,True,True,True,False
45,morning_orderflow_momentum,2011-08-17,long,morning_orderflow_momentum_signed_flow_1030_flatten_1530,gao_han_li_zhou_intraday_momentum_and_orderflow_imbalance,signed_flow_1030_flatten_1530,sierra_morning_orderflow_momentum,two_sided_continuation,signed_imbalance,rth_open_to_signal_close,2011-08-17 09:30:00-04:00,2011-08-17 10:30:00-04:00,1197.0,1206.75,1195.0,1206.5,9.5,38.0,389936.0,23348.0,0.05987649255262402,0.06738791776972848,0.0738218153948491,0.05987649255262402,,16.0,0.02,2011-08-17 10:30:00-04:00,2011-08-17 10:30:00-04:00,0.0015,3.0,15:30:00,1197.0,2011-08-17 09:30:00-04:00,1206.75,1195.0,2011-08-17 10:30:00-04:00,2011-08-17 10:30:00-04:00,1206.5,1204.5,1212.5,2.0,1,0.0,2.25,fixed_contracts,2011-08-17 10:30:00-04:00,1204.25,stop,-112.5,-117.5,-1.125,5.0,25.0,True,16:59:59,16:58:30,16:45:00,False,True,True,True,True,False
46,morning_orderflow_momentum,2011-08-18,short,morning_orderflow_momentum_signed_flow_1030_flatten_1530,gao_han_li_zhou_intraday_momentum_and_orderflow_imbalance,signed_flow_1030_flatten_1530,sierra_morning_orderflow_momentum,two_sided_continuation,signed_imbalance,rth_open_to_signal_close,2011-08-18 09:30:00-04:00,2011-08-18 10:30:00-04:00,1159.5,1161.0,1131.0,1143.0,-16.5,-66.0,992477.0,-37839.0,-0.03812582054798247,-0.04583267311044208,-0.0443527319052008,-0.03812582054798247,,16.0,0.02,2011-08-18 10:30:00-04:00,2011-08-18 10:30:00-04:00,0.0015,3.0,15:30:00,1159.5,2011-08-18 09:30:00-04:00,1161.0,1131.0,2011-08-18 10:30:00-04:00,2011-08-18 10:30:00-04:00,1142.75,1144.5,1137.5,1.75,1,5.25,0.5,fixed_contracts,2011-08-18 10:40:00-04:00,1137.75,target,250.0,245.0,2.857142857142857,5.0,25.0,True,16:59:59,16:58:30,16:45:00,False,True,True,True,True,False
47,morning_orderflow_momentum,2011-08-19,long,morning_orderflow_momentum_signed_flow_1030_flatten_1530,gao_han_li_zhou_intraday_momentum_and_orderflow_imbalance,signed_flow_1030_flatten_1530,sierra_morning_orderflow_momentum,two_sided_continuation,signed_imbalance,rth_open_to_signal_close,2011-08-19 09:30:00-04:00,2011-08-19 10:30:00-04:00,1124.0,1153.25,1123.0,1151.0,27.0,108.0,878955.0,53711.0,0.061107792776649544,0.0718745848279527,0.08327749621439093,0.061107792776649544,,16.0,0.02,2011-08-19 10:30:00-04:00,2011-08-19 10:30:00-04:00,0.0015,3.0,15:30:00,1124.0,2011-08-19 09:30:00-04:00,1153.25,1123.0,2011-08-19 10:30:00-04:00,2011-08-19 10:30:00-04:00,1151.0,1149.25,1156.25,1.75,1,0.75,1.75,fixed_contracts,2011-08-19 10:31:00-04:00,1149.0,stop,-100.0,-105.0,-1.1428571428571428,5.0,25.0,True,16:59:59,16:58:30,16:45:00,False,True,True,True,True,False
48,morning_orderflow_momentum,2011-08-22,short,morning_orderflow_momentum_signed_flow_1030_flatten_1530,gao_han_li_zhou_intraday_momentum_and_orderflow_imbalance,signed_flow_1030_flatten_1530,sierra_morning_orderflow_momentum,two_sided_continuation,signed_imbalance,rth_open_to_signal_close,2011-08-22 09:30:00-04:00,2011-08-22 10:30:00-04:00,1146.0,1146.5,1131.75,1136.5,-9.5,-38.0,466774.0,-22606.0,-0.04843028960481946,-0.04856731259113508,-0.06220684453912158,-0.04843028960481946,,16.0,0.02,2011-08-22 10:30:00-04:00,2011-08-22 10:30:00-04:00,0.0015,3.0,15:30:00,1146.0,2011-08-22 09:30:00-04:00,1146.5,1131.75,2011-08-22 10:30:00-04:00,2011-08-22 10:30:00-04:00,1136.5,1138.25,1131.25,1.75,1,0.0,2.0,fixed_contracts,2011-08-22 10:31:00-04:00,1138.5,stop,-100.0,-105.0,-1.1428571428571428,5.0,25.0,True,16:59:59,16:58:30,16:45:00,False,True,True,True,True,False
49,morning_orderflow_momentum,2011-08-23,long,morning_orderflow_momentum_signed_flow_1030_flatten_1530,gao_han_li_zhou_intraday_momentum_and_orderflow_imbalance,signed_flow_1030_flatten_1530,sierra_morning_orderflow_momentum,two_sided_continuation,signed_imbalance,rth_open_to_signal_close,2011-08-23 09:30:00-04:00,2011-08-23 10:30:00-04:00,1126.0,1138.25,1120.25,1135.75,9.75,39.0,632254.0,18978.0,0.03001641745247954,0.04778202826137872,0.06665653625342495,0.03001641745247954,,16.0,0.02,2011-08-23 10:30:00-04:00,2011-08-23 10:30:00-04:00,0.0015,3.0,15:30:00,1126.0,2011-08-23 09:30:00-04:00,1138.25,1120.25,2011-08-23 10:30:00-04:00,2011-08-23 10:30:00-04:00,1136.0,1134.25,1141.25,1.75,1,0.75,2.0,fixed_contracts,2011-08-23 10:33:00-04:00,1134.0,stop,-100.0,-105.0,-1.1428571428571428,5.0,25.0,True,16:59:59,16:58:30,16:45:00,False,True,True,True,True,False
50,morning_orderflow_momentum,2011-08-24,long,morning_orderflow_momentum_signed_flow_1030_flatten_1530,gao_han_li_zhou_intraday_momentum_and_orderflow_imbalance,signed_flow_1030_flatten_1530,sierra_morning_orderflow_momentum,two_sided_continuation,signed_imbalance,rth_open_to_signal_close,2011-08-24 09:30:00-04:00,2011-08-24 10:30:00-04:00,1156.5,1174.0,1153.5,1166.5,10.0,40.0,662236.0,14290.0,0.021578410113615085,0.02940013405765601,0.03315927415321209,0.021578410113615085,,16.0,0.02,2011-08-24 10:30:00-04:00,2011-08-24 10:30:00-04:00,0.0015,3.0,15:30:00,1156.5,2011-08-24 09:30:00-04:00,1174.0,1153.5,2011-08-24 10:30:00-04:00,2011-08-24 10:30:00-04:00,1166.75,1164.75,1172.75,2.0,1,1.5,2.5,fixed_contracts,2011-08-24 10:31:00-04:00,1164.5,stop,-112.5,-117.5,-1.125,5.0,25.0,True,16:59:59,16:58:30,16:45:00,False,True,True,True,True,False
51,morning_orderflow_momentum,2011-08-25,short,morning_orderflow_momentum_signed_flow_1030_flatten_1530,gao_han_li_zhou_intraday_momentum_and_orderflow_imbalance,signed_flow_1030_flatten_1530,sierra_morning_orderflow_momentum,two_sided_continuation,signed_imbalance,rth_open_to_signal_close,2011-08-25 09:30:00-04:00,2011-08-25 10:30:00-04:00,1181.5,1188.5,1163.0,1166.5,-15.0,-60.0,824176.0,-26678.0,-0.03236929976121605,-0.04309958875847522,-0.048017597865003765,-0.03236929976121605,,16.0,0.02,2011-08-25 10:30:00-04:00,2011-08-25 10:30:00-04:00,0.0015,3.0,15:30:00,1181.5,2011-08-25 09:30:00-04:00,1188.5,1163.0,2011-08-25 10:30:00-04:00,2011-08-25 10:30:00-04:00,1166.0,1167.75,1160.75,1.75,1,0.5,2.5,fixed_contracts,2011-08-25 10:30:00-04:00,1168.0,stop,-100.0,-105.0,-1.1428571428571428,5.0,25.0,True,16:59:59,16:58:30,16:45:00,False,True,True,True,True,False
52,morning_orderflow_momentum,2011-08-29,long,morning_orderflow_momentum_signed_flow_1030_flatten_1530,gao_han_li_zhou_intraday_momentum_and_orderflow_imbalance,signed_flow_1030_flatten_1530,sierra_morning_orderflow_momentum,two_sided_continuation,signed_imbalance,rth_open_to_signal_close,2011-08-29 09:30:00-04:00,2011-08-29 10:30:00-04:00,1189.75,1198.75,1189.0,1196.0,6.25,25.0,351429.0,9627.0,0.027393869031867035,0.0717593268439093,0.11960346789201202,0.027393869031867035,,16.0,0.02,2011-08-29 10:30:00-04:00,2011-08-29 10:30:00-04:00,0.0015,3.0,15:30:00,1189.75,2011-08-29 09:30:00-04:00,1198.75,1189.0,2011-08-29 10:30:00-04:00,2011-08-29 10:30:00-04:00,1196.5,1194.5,1202.5,2.0,1,1.25,2.25,fixed_contracts,2011-08-29 10:56:00-04:00,1194.25,stop,-112.5,-117.5,-1.125,5.0,25.0,True,16:59:59,16:58:30,16:45:00,False,True,True,True,True,False
53,morning_orderflow_momentum,2011-08-31,long,morning_orderflow_momentum_signed_flow_1030_flatten_1530,gao_han_li_zhou_intraday_momentum_and_orderflow_imbalance,signed_flow_1030_flatten_1530,sierra_morning_orderflow_momentum,two_sided_continuation,signed_imbalance,rth_open_to_signal_close,2011-08-31 09:30:00-04:00,2011-08-31 10:30:00-04:00,1219.0,1229.75,1217.75,1227.5,8.5,34.0,607450.0,18284.0,0.030099596674623426,0.048936196716410474,0.05318415752964869,0.030099596674623426,,16.0,0.02,2011-08-31 10:30:00-04:00,2011-08-31 10:30:00-04:00,0.0015,3.0,15:30:00,1219.0,2011-08-31 09:30:00-04:00,1229.75,1217.75,2011-08-31 10:30:00-04:00,2011-08-31 10:30:00-04:00,1227.5,1225.5,1233.5,2.0,1,1.25,2.0,fixed_contracts,2011-08-31 10:42:00-04:00,1225.25,stop,-112.5,-117.5,-1.125,5.0,25.0,True,16:59:59,16:58:30,16:45:00,False,True,True,True,True,False
54,morning_orderflow_momentum,2011-09-15,short,morning_orderflow_momentum_signed_flow_1030_flatten_1530,gao_han_li_zhou_intraday_momentum_and_orderflow_imbalance,signed_flow_1030_flatten_1530,sierra_morning_orderflow_momentum,two_sided_continuation,signed_imbalance,rth_open_to_signal_close,2011-09-15 09:30:00-04:00,2011-09-15 10:30:00-04:00,1194.75,1198.25,1188.25,1190.0,-4.75,-19.0,575867.0,-16165.0,-0.02807071771780637,-0.02764270829076942,-0.036946270470604184,-0.02807071771780637,,16.0,0.02,2011-09-15 10:30:00-04:00,2011-09-15 10:30:00-04:00,0.0015,3.0,15:30:00,1194.75,2011-09-15 09:30:00-04:00,1198.25,1188.25,2011-09-15 10:30:00-04:00,2011-09-15 10:30:00-04:00,1189.75,1191.75,1183.75,2.0,1,5.75,2.0,fixed_contracts,2011-09-15 11:22:00-04:00,1192.0,stop,-112.5,-117.5,-1.125,5.0,25.0,True,16:59:59,16:58:30,16:45:00,False,True,True,True,True,False
55,morning_orderflow_momentum,2011-09-22,long,morning_orderflow_momentum_signed_flow_1030_flatten_1530,gao_han_li_zhou_intraday_momentum_and_orderflow_imbalance,signed_flow_1030_flatten_1530,sierra_morning_orderflow_momentum,two_sided_continuation,signed_imbalance,rth_open_to_signal_close,2011-09-22 09:30:00-04:00,2011-09-22 10:30:00-04:00,1126.5,1136.0,1120.5,1130.5,4.0,16.0,849102.0,24482.0,0.028832813961102436,0.06331511293210947,0.10792700021197016,0.028832813961102436,,16.0,0.02,2011-09-22 10:30:00-04:00,2011-09-22 10:30:00-04:00,0.0015,3.0,15:30:00,1126.5,2011-09-22 09:30:00-04:00,1136.0,1120.5,2011-09-22 10:30:00-04:00,2011-09-22 10:30:00-04:00,1130.5,1128.75,1135.75,1.75,1,0.0,2.25,fixed_contracts,2011-09-22 10:30:00-04:00,1128.5,stop,-100.0,-105.0,-1.1428571428571428,5.0,25.0,True,16:59:59,16:58:30,16:45:00,False,True,True,True,True,False
56,morning_orderflow_momentum,2011-09-28,short,morning_orderflow_momentum_signed_flow_1030_flatten_1530,gao_han_li_zhou_intraday_momentum_and_orderflow_imbalance,signed_flow_1030_flatten_1530,sierra_morning_orderflow_momentum,two_sided_continuation,signed_imbalance,rth_open_to_signal_close,2011-09-28 09:30:00-04:00,2011-09-28 10:30:00-04:00,1172.0,1179.25,1164.75,1167.75,-4.25,-17.0,486976.0,-32020.0,-0.0657527270337758,-0.09111348136083806,-0.10905339987608342,-0.0657527270337758,,16.0,0.02,2011-09-28 10:30:00-04:00,2011-09-28 10:30:00-04:00,0.0015,3.0,15:30:00,1172.0,2011-09-28 09:30:00-04:00,1179.25,1164.75,2011-09-28 10:30:00-04:00,2011-09-28 10:30:00-04:00,1167.5,1169.5,1161.5,2.0,1,4.25,2.0,fixed_contracts,2011-09-28 10:54:00-04:00,1169.75,stop,-112.5,-117.5,-1.125,5.0,25.0,True,16:59:59,16:58:30,16:45:00,False,True,True,True,True,False
57,morning_orderflow_momentum,2011-09-29,short,morning_orderflow_momentum_signed_flow_1030_flatten_1530,gao_han_li_zhou_intraday_momentum_and_orderflow_imbalance,signed_flow_1030_flatten_1530,sierra_morning_orderflow_momentum,two_sided_continuation,signed_imbalance,rth_open_to_signal_close,2011-09-29 09:30:00-04:00,2011-09-29 10:30:00-04:00,1164.5,1170.75,1157.0,1158.0,-6.5,-26.0,471664.0,-13604.0,-0.02884256589436548,-0.04019926789883176,-0.07239094977853704,-0.02884256589436548,,16.0,0.02,2011-09-29 10:30:00-04:00,2011-09-29 10:30:00-04:00,0.0015,3.0,15:30:00,1164.5,2011-09-29 09:30:00-04:00,1170.75,1157.0,2011-09-29 10:30:00-04:00,2011-09-29 10:30:00-04:00,1157.75,1159.5,1152.5,1.75,1,5.75,0.75,fixed_contracts,2011-09-29 10:45:00-04:00,1152.75,target,250.0,245.0,2.857142857142857,5.0,25.0,True,16:59:59,16:58:30,16:45:00,False,True,True,True,True,False
58,morning_orderflow_momentum,2011-09-30,long,morning_orderflow_momentum_signed_flow_1030_flatten_1530,gao_han_li_zhou_intraday_momentum_and_orderflow_imbalance,signed_flow_1030_flatten_1530,sierra_morning_orderflow_momentum,two_sided_continuation,signed_imbalance,rth_open_to_signal_close,2011-09-30 09:30:00-04:00,2011-09-30 10:30:00-04:00,1138.75,1147.5,1134.25,1143.75,5.0,20.0,660170.0,17734.0,0.026862777769362436,0.038970436220798016,0.05535800230833571,0.026862777769362436,,16.0,0.02,2011-09-30 10:30:00-04:00,2011-09-30 10:30:00-04:00,0.0015,3.0,15:30:00,1138.75,2011-09-30 09:30:00-04:00,1147.5,1134.25,2011-09-30 10:30:00-04:00,2011-09-30 10:30:00-04:00,1144.0,1142.25,1149.25,1.75,1,0.0,2.5,fixed_contracts,2011-09-30 10:30:00-04:00,1142.0,stop,-100.0,-105.0,-1.1428571428571428,5.0,25.0,True,16:59:59,16:58:30,16:45:00,False,True,True,True,True,False
59,morning_orderflow_momentum,2011-10-03,long,morning_orderflow_momentum_signed_flow_1030_flatten_1530,gao_han_li_zhou_intraday_momentum_and_orderflow_imbalance,signed_flow_1030_flatten_1530,sierra_morning_orderflow_momentum,two_sided_continuation,signed_imbalance,rth_open_to_signal_close,2011-10-03 09:30:00-04:00,2011-10-03 10:30:00-04:00,1118.5,1133.5,1114.5,1125.75,7.25,29.0,621389.0,20303.0,0.03267357484603042,0.042449803470146485,0.03699384007723181,0.03267357484603042,,16.0,0.02,2011-10-03 10:30:00-04:00,2011-10-03 10:30:00-04:00,0.0015,3.0,15:30:00,1118.5,2011-10-03 09:30:00-04:00,1133.5,1114.5,2011-10-03 10:30:00-04:00,2011-10-03 10:30:00-04:00,1126.0,1124.25,1131.25,1.75,1,0.5,1.75,fixed_contracts,2011-10-03 10:31:00-04:00,1124.0,stop,-100.0,-105.0,-1.1428571428571428,5.0,25.0,True,16:59:59,16:58:30,16:45:00,False,True,True,True,True,False
60,morning_orderflow_momentum,2011-10-06,long,morning_orderflow_momentum_signed_flow_1030_flatten_1530,gao_han_li_zhou_intraday_momentum_and_orderflow_imbalance,signed_flow_1030_flatten_1530,sierra_morning_orderflow_momentum,two_sided_continuation,signed_imbalance,rth_open_to_signal_close,2011-10-06 09:30:00-04:00,2011-10-06 10:30:00-04:00,1137.25,1144.0,1129.0,1142.75,5.5,22.0,575015.0,11597.0,0.020168169526012365,0.01209345142203844,0.005913845292083634,0.020168169526012365,,16.0,0.02,2011-10-06 10:30:00-04:00,2011-10-06 10:30:00-04:00,0.0015,3.0,15:30:00,1137.25,2011-10-06 09:30:00-04:00,1144.0,1129.0,2011-10-06 10:30:00-04:00,2011-10-06 10:30:00-04:00,1143.0,1141.25,1148.25,1.75,1,4.5,1.75,fixed_contracts,2011-10-06 10:50:00-04:00,1141.0,stop,-100.0,-105.0,-1.1428571428571428,5.0,25.0,True,16:59:59,16:58:30,16:45:00,False,True,True,True,True,False
61,morning_orderflow_momentum,2011-10-10,long,morning_orderflow_momentum_signed_flow_1030_flatten_1530,gao_han_li_zhou_intraday_momentum_and_orderflow_imbalance,signed_flow_1030_flatten_1530,sierra_morning_orderflow_momentum,two_sided_continuation,signed_imbalance,rth_open_to_signal_close,2011-10-10 09:30:00-04:00,2011-10-10 10:30:00-04:00,1171.0,1183.75,1170.75,1182.5,11.5,46.0,388874.0,21156.0,0.05440322572349913,0.0960656568106008,0.1393006476673542,0.05440322572349913,,16.0,0.02,2011-10-10 10:30:00-04:00,2011-10-10 10:30:00-04:00,0.0015,3.0,15:30:00,1171.0,2011-10-10 09:30:00-04:00,1183.75,1170.75,2011-10-10 10:30:00-04:00,2011-10-10 10:30:00-04:00,1182.5,1180.5,1188.5,2.0,1,4.5,2.25,fixed_contracts,2011-10-10 15:07:00-04:00,1180.25,stop,-112.5,-117.5,-1.125,5.0,25.0,True,16:59:59,16:58:30,16:45:00,False,True,True,True,True,False
62,morning_orderflow_momentum,2011-10-11,long,morning_orderflow_momentum_signed_flow_1030_flatten_1530,gao_han_li_zhou_intraday_momentum_and_orderflow_imbalance,signed_flow_1030_flatten_1530,sierra_morning_orderflow_momentum,two_sided_continuation,signed_imbalance,rth_open_to_signal_close,2011-10-11 09:30:00-04:00,2011-10-11 10:30:00-04:00,1183.25,1191.0,1182.0,1191.0,7.75,31.0,399660.0,18404.0,0.04604914177050493,0.06639160598095402,0.09585486002643277,0.04604914177050493,,16.0,0.02,2011-10-11 10:30:00-04:00,2011-10-11 10:30:00-04:00,0.0015,3.0,15:30:00,1183.25,2011-10-11 09:30:00-04:00,1191.0,1182.0,2011-10-11 10:30:00-04:00,2011-10-11 10:30:00-04:00,1191.25,1189.25,1197.25,2.0,1,3.5,2.0,fixed_contracts,2011-10-11 11:07:00-04:00,1189.0,stop,-112.5,-117.5,-1.125,5.0,25.0,True,16:59:59,16:58:30,16:45:00,False,True,True,True,True,False
63,morning_orderflow_momentum,2011-10-12,long,morning_orderflow_momentum_signed_flow_1030_flatten_1530,gao_han_li_zhou_intraday_momentum_and_orderflow_imbalance,signed_flow_1030_flatten_1530,sierra_morning_orderflow_momentum,two_sided_continuation,signed_imbalance,rth_open_to_signal_close,2011-10-12 09:30:00-04:00,2011-10-12 10:30:00-04:00,1200.75,1208.25,1197.75,1206.25,5.5,22.0,499489.0,14641.0,0.029311956819869908,0.017256626779467352,0.007022829735148488,0.029311956819869908,,16.0,0.02,2011-10-12 10:30:00-04:00,2011-10-12 10:30:00-04:00,0.0015,3.0,15:30:00,1200.75,2011-10-12 09:30:00-04:00,1208.25,1197.75,2011-10-12 10:30:00-04:00,2011-10-12 10:30:00-04:00,1206.75,1204.75,1212.75,2.0,1,3.0,2.0,fixed_contracts,2011-10-12 10:51:00-04:00,1204.5,stop,-112.5,-117.5,-1.125,5.0,25.0,True,16:59:59,16:58:30,16:45:00,False,True,True,True,True,False
64,morning_orderflow_momentum,2011-10-14,short,morning_orderflow_momentum_signed_flow_1030_flatten_1530,gao_han_li_zhou_intraday_momentum_and_orderflow_imbalance,signed_flow_1030_flatten_1530,sierra_morning_orderflow_momentum,two_sided_continuation,signed_imbalance,rth_open_to_signal_close,2011-10-14 09:30:00-04:00,2011-10-14 10:30:00-04:00,1213.5,1217.25,1209.25,1209.25,-4.25,-17.0,455995.0,-15105.0,-0.03312536321670194,-0.03182212249477281,-0.019331427445971675,-0.03312536321670194,,16.0,0.02,2011-10-14 10:30:00-04:00,2011-10-14 10:30:00-04:00,0.0015,3.0,15:30:00,1213.5,2011-10-14 09:30:00-04:00,1217.25,1209.25,2011-10-14 10:30:00-04:00,2011-10-14 10:30:00-04:00,1209.0,1211.0,1203.0,2.0,1,0.25,2.25,fixed_contracts,2011-10-14 10:34:00-04:00,1211.25,stop,-112.5,-117.5,-1.125,5.0,25.0,True,16:59:59,16:58:30,16:45:00,False,True,True,True,True,False
65,morning_orderflow_momentum,2011-10-17,short,morning_orderflow_momentum_signed_flow_1030_flatten_1530,gao_han_li_zhou_intraday_momentum_and_orderflow_imbalance,signed_flow_1030_flatten_1530,sierra_morning_orderflow_momentum,two_sided_continuation,signed_imbalance,rth_open_to_signal_close,2011-10-17 09:30:00-04:00,2011-10-17 10:30:00-04:00,1214.5,1215.25,1205.5,1205.5,-9.0,-36.0,418693.0,-9731.0,-0.02324137255698089,-0.01407422956587799,-0.009520742925304979,-0.02324137255698089,,16.0,0.02,2011-10-17 10:30:00-04:00,2011-10-17 10:30:00-04:00,0.0015,3.0,15:30:00,1214.5,2011-10-17 09:30:00-04:00,1215.25,1205.5,2011-10-17 10:30:00-04:00,2011-10-17 10:30:00-04:00,1205.25,1207.25,1199.25,2.0,1,0.0,2.0,fixed_contracts,2011-10-17 10:32:00-04:00,1207.5,stop,-112.5,-117.5,-1.125,5.0,25.0,True,16:59:59,16:58:30,16:45:00,False,True,True,True,True,False
66,morning_orderflow_momentum,2011-10-21,long,morning_orderflow_momentum_signed_flow_1030_flatten_1530,gao_han_li_zhou_intraday_momentum_and_orderflow_imbalance,signed_flow_1030_flatten_1530,sierra_morning_orderflow_momentum,two_sided_continuation,signed_imbalance,rth_open_to_signal_close,2011-10-21 09:30:00-04:00,2011-10-21 10:30:00-04:00,1225.5,1234.75,1223.75,1234.25,8.75,35.0,468310.0,13660.0,0.029168713031966005,0.036501632253661265,0.035950406077618756,0.029168713031966005,,16.0,0.02,2011-10-21 10:30:00-04:00,2011-10-21 10:30:00-04:00,0.0015,3.0,15:30:00,1225.5,2011-10-21 09:30:00-04:00,1234.75,1223.75,2011-10-21 10:30:00-04:00,2011-10-21 10:30:00-04:00,1234.5,1232.5,1240.5,2.0,1,1.25,2.25,fixed_contracts,2011-10-21 10:33:00-04:00,1232.25,stop,-112.5,-117.5,-1.125,5.0,25.0,True,16:59:59,16:58:30,16:45:00,False,True,True,True,True,False
67,morning_orderflow_momentum,2011-10-24,long,morning_orderflow_momentum_signed_flow_1030_flatten_1530,gao_han_li_zhou_intraday_momentum_and_orderflow_imbalance,signed_flow_1030_flatten_1530,sierra_morning_orderflow_momentum,two_sided_continuation,signed_imbalance,rth_open_to_signal_close,2011-10-24 09:30:00-04:00,2011-10-24 10:30:00-04:00,1236.0,1246.25,1235.0,1245.0,9.0,36.0,324844.0,27686.0,0.0852286020366699,0.1255035720040823,0.1336183273046147,0.0852286020366699,,16.0,0.02,2011-10-24 10:30:00-04:00,2011-10-24 10:30:00-04:00,0.0015,3.0,15:30:00,1236.0,2011-10-24 09:30:00-04:00,1246.25,1235.0,2011-10-24 10:30:00-04:00,2011-10-24 10:30:00-04:00,1245.25,1243.25,1251.25,2.0,1,1.0,2.5,fixed_contracts,2011-10-24 10:51:00-04:00,1243.0,stop,-112.5,-117.5,-1.125,5.0,25.0,True,16:59:59,16:58:30,16:45:00,False,True,True,True,True,False
68,morning_orderflow_momentum,2011-10-26,short,morning_orderflow_momentum_signed_flow_1030_flatten_1530,gao_han_li_zhou_intraday_momentum_and_orderflow_imbalance,signed_flow_1030_flatten_1530,sierra_morning_orderflow_momentum,two_sided_continuation,signed_imbalance,rth_open_to_signal_close,2011-10-26 09:30:00-04:00,2011-10-26 10:30:00-04:00,1238.0,1239.75,1225.75,1229.5,-8.5,-34.0,487568.0,-36332.0,-0.07451678535096642,-0.07732990590493229,-0.07582800132246835,-0.07451678535096642,,16.0,0.02,2011-10-26 10:30:00-04:00,2011-10-26 10:30:00-04:00,0.0015,3.0,15:30:00,1238.0,2011-10-26 09:30:00-04:00,1239.75,1225.75,2011-10-26 10:30:00-04:00,2011-10-26 10:30:00-04:00,1229.25,1231.25,1223.25,2.0,1,6.25,0.25,fixed_contracts,2011-10-26 10:45:00-04:00,1223.5,target,287.5,282.5,2.875,5.0,25.0,True,16:59:59,16:58:30,16:45:00,False,True,True,True,True,False
69,morning_orderflow_momentum,2011-10-27,short,morning_orderflow_momentum_signed_flow_1030_flatten_1530,gao_han_li_zhou_intraday_momentum_and_orderflow_imbalance,signed_flow_1030_flatten_1530,sierra_morning_orderflow_momentum,two_sided_continuation,signed_imbalance,rth_open_to_signal_close,2011-10-27 09:30:00-04:00,2011-10-27 10:30:00-04:00,1271.0,1272.5,1261.25,1262.25,-8.75,-35.0,515744.0,-27246.0,-0.052828535087175034,-0.07239677532976883,-0.08176288597030125,-0.052828535087175034,,16.0,0.02,2011-10-27 10:30:00-04:00,2011-10-27 10:30:00-04:00,0.0015,3.0,15:30:00,1271.0,2011-10-27 09:30:00-04:00,1272.5,1261.25,2011-10-27 10:30:00-04:00,2011-10-27 10:30:00-04:00,1262.0,1264.0,1256.0,2.0,1,1.25,2.25,fixed_contracts,2011-10-27 10:41:00-04:00,1264.25,stop,-112.5,-117.5,-1.125,5.0,25.0,True,16:59:59,16:58:30,16:45:00,False,True,True,True,True,False
70,morning_orderflow_momentum,2011-11-01,long,morning_orderflow_momentum_signed_flow_1030_flatten_1530,gao_han_li_zhou_intraday_momentum_and_orderflow_imbalance,signed_flow_1030_flatten_1530,sierra_morning_orderflow_momentum,two_sided_continuation,signed_imbalance,rth_open_to_signal_close,2011-11-01 09:30:00-04:00,2011-11-01 10:30:00-04:00,1214.75,1227.25,1209.5,1225.75,11.0,44.0,654384.0,15446.0,0.023603877845424094,0.05045295975069978,0.06455800778944884,0.023603877845424094,,16.0,0.02,2011-11-01 10:30:00-04:00,2011-11-01 10:30:00-04:00,0.0015,3.0,15:30:00,1214.75,2011-11-01 09:30:00-04:00,1227.25,1209.5,2011-11-01 10:30:00-04:00,2011-11-01 10:30:00-04:00,1226.25,1224.25,1232.25,2.0,1,2.5,3.0,fixed_contracts,2011-11-01 10:46:00-04:00,1224.0,stop,-112.5,-117.5,-1.125,5.0,25.0,True,16:59:59,16:58:30,16:45:00,False,True,True,True,True,False
71,morning_orderflow_momentum,2011-11-03,short,morning_orderflow_momentum_signed_flow_1030_flatten_1530,gao_han_li_zhou_intraday_momentum_and_orderflow_imbalance,signed_flow_1030_flatten_1530,sierra_morning_orderflow_momentum,two_sided_continuation,signed_imbalance,rth_open_to_signal_close,2011-11-03 09:30:00-04:00,2011-11-03 10:30:00-04:00,1247.0,1248.75,1230.5,1238.25,-8.75,-35.0,544518.0,-13880.0,-0.025490433741400653,-0.048655229472637326,-0.0683615305711726,-0.025490433741400653,,16.0,0.02,2011-11-03 10:30:00-04:00,2011-11-03 10:30:00-04:00,0.0015,3.0,15:30:00,1247.0,2011-11-03 09:30:00-04:00,1248.75,1230.5,2011-11-03 10:30:00-04:00,2011-11-03 10:30:00-04:00,1238.25,1240.25,1232.25,2.0,1,0.25,2.25,fixed_contracts,2011-11-03 10:30:00-04:00,1240.5,stop,-112.5,-117.5,-1.125,5.0,25.0,True,16:59:59,16:58:30,16:45:00,False,True,True,True,True,False
72,morning_orderflow_momentum,2011-11-04,short,morning_orderflow_momentum_signed_flow_1030_flatten_1530,gao_han_li_zhou_intraday_momentum_and_orderflow_imbalance,signed_flow_1030_flatten_1530,sierra_morning_orderflow_momentum,two_sided_continuation,signed_imbalance,rth_open_to_signal_close,2011-11-04 09:30:00-04:00,2011-11-04 10:30:00-04:00,1246.75,1249.75,1237.75,1239.0,-7.75,-31.0,442989.0,-29505.0,-0.06660436263654403,-0.07458496154516266,-0.05510982506905169,-0.06660436263654403,,16.0,0.02,2011-11-04 10:30:00-04:00,2011-11-04 10:30:00-04:00,0.0015,3.0,15:30:00,1246.75,2011-11-04 09:30:00-04:00,1249.75,1237.75,2011-11-04 10:30:00-04:00,2011-11-04 10:30:00-04:00,1238.5,1240.5,1232.5,2.0,1,4.0,2.0,fixed_contracts,2011-11-04 11:01:00-04:00,1240.75,stop,-112.5,-117.5,-1.125,5.0,25.0,True,16:59:59,16:58:30,16:45:00,False,True,True,True,True,False
73,morning_orderflow_momentum,2011-11-08,short,morning_orderflow_momentum_signed_flow_1030_flatten_1530,gao_han_li_zhou_intraday_momentum_and_orderflow_imbalance,signed_flow_1030_flatten_1530,sierra_morning_orderflow_momentum,two_sided_continuation,signed_imbalance,rth_open_to_signal_close,2011-11-08 09:30:00-05:00,2011-11-08 10:30:00-05:00,1263.5,1268.5,1256.25,1258.0,-5.5,-22.0,442349.0,-23509.0,-0.05314581925131514,-0.06637773263881906,-0.08869392689958769,-0.05314581925131514,,16.0,0.02,2011-11-08 10:30:00-05:00,2011-11-08 10:30:00-05:00,0.0015,3.0,15:30:00,1263.5,2011-11-08 09:30:00-05:00,1268.5,1256.25,2011-11-08 10:30:00-05:00,2011-11-08 10:30:00-05:00,1258.0,1260.0,1252.0,2.0,1,1.25,2.75,fixed_contracts,2011-11-08 10:37:00-05:00,1260.25,stop,-112.5,-117.5,-1.125,5.0,25.0,True,16:59:59,16:58:30,16:45:00,False,True,True,True,True,False
74,morning_orderflow_momentum,2011-11-10,short,morning_orderflow_momentum_signed_flow_1030_flatten_1530,gao_han_li_zhou_intraday_momentum_and_orderflow_imbalance,signed_flow_1030_flatten_1530,sierra_morning_orderflow_momentum,two_sided_continuation,signed_imbalance,rth_open_to_signal_close,2011-11-10 09:30:00-05:00,2011-11-10 10:30:00-05:00,1242.5,1243.0,1230.25,1230.25,-12.25,-49.0,467434.0,-29792.0,-0.0637352011193024,-0.10555636073770788,-0.12384546222379642,-0.0637352011193024,,16.0,0.02,2011-11-10 10:30:00-05:00,2011-11-10 10:30:00-05:00,0.0015,3.0,15:30:00,1242.5,2011-11-10 09:30:00-05:00,1243.0,1230.25,2011-11-10 10:30:00-05:00,2011-11-10 10:30:00-05:00,1230.0,1232.0,1224.0,2.0,1,5.5,2.75,fixed_contracts,2011-11-10 11:04:00-05:00,1232.25,stop,-112.5,-117.5,-1.125,5.0,25.0,True,16:59:59,16:58:30,16:45:00,False,True,True,True,True,False
75,morning_orderflow_momentum,2011-11-18,short,morning_orderflow_momentum_signed_flow_1030_flatten_1530,gao_han_li_zhou_intraday_momentum_and_orderflow_imbalance,signed_flow_1030_flatten_1530,sierra_morning_orderflow_momentum,two_sided_continuation,signed_imbalance,rth_open_to_signal_close,2011-11-18 09:30:00-05:00,2011-11-18 10:30:00-05:00,1220.5,1220.75,1211.5,1214.25,-6.25,-25.0,570373.0,-20163.0,-0.03535055130589982,-0.07002518174963365,-0.08998166395694926,-0.03535055130589982,,16.0,0.02,2011-11-18 10:30:00-05:00,2011-11-18 10:30:00-05:00,0.0015,3.0,15:30:00,1220.5,2011-11-18 09:30:00-05:00,1220.75,1211.5,2011-11-18 10:30:00-05:00,2011-11-18 10:30:00-05:00,1214.25,1216.25,1208.25,2.0,1,0.5,2.0,fixed_contracts,2011-11-18 10:32:00-05:00,1216.5,stop,-112.5,-117.5,-1.125,5.0,25.0,True,16:59:59,16:58:30,16:45:00,False,True,True,True,True,False
76,morning_orderflow_momentum,2011-11-22,long,morning_orderflow_momentum_signed_flow_1030_flatten_1530,gao_han_li_zhou_intraday_momentum_and_orderflow_imbalance,signed_flow_1030_flatten_1530,sierra_morning_orderflow_momentum,two_sided_continuation,signed_imbalance,rth_open_to_signal_close,2011-11-22 09:30:00-05:00,2011-11-22 10:30:00-05:00,1188.0,1194.5,1185.75,1192.0,4.0,16.0,344633.0,11115.0,0.03225169963410352,0.048351582420878954,0.06290266331381583,0.03225169963410352,,16.0,0.02,2011-11-22 10:30:00-05:00,2011-11-22 10:30:00-05:00,0.0015,3.0,15:30:00,1188.0,2011-11-22 09:30:00-05:00,1194.5,1185.75,2011-11-22 10:30:00-05:00,2011-11-22 10:30:00-05:00,1192.0,1190.0,1198.0,2.0,1,0.5,3.0,fixed_contracts,2011-11-22 10:35:00-05:00,1189.75,stop,-112.5,-117.5,-1.125,5.0,25.0,True,16:59:59,16:58:30,16:45:00,False,True,True,True,True,False
77,morning_orderflow_momentum,2011-11-23,short,morning_orderflow_momentum_signed_flow_1030_flatten_1530,gao_han_li_zhou_intraday_momentum_and_orderflow_imbalance,signed_flow_1030_flatten_1530,sierra_morning_orderflow_momentum,two_sided_continuation,signed_imbalance,rth_open_to_signal_close,2011-11-23 09:30:00-05:00,2011-11-23 10:30:00-05:00,1174.75,1176.25,1164.75,1165.5,-9.25,-37.0,427887.0,-21457.0,-0.050146417161540315,-0.036483354718069606,-0.012291362202907469,-0.050146417161540315,,16.0,0.02,2011-11-23 10:30:00-05:00,2011-11-23 10:30:00-05:00,0.0015,3.0,15:30:00,1174.75,2011-11-23 09:30:00-05:00,1176.25,1164.75,2011-11-23 10:30:00-05:00,2011-11-23 10:30:00-05:00,1165.5,1167.25,1160.25,1.75,1,1.5,2.25,fixed_contracts,2011-11-23 10:39:00-05:00,1167.5,stop,-100.0,-105.0,-1.1428571428571428,5.0,25.0,True,16:59:59,16:58:30,16:45:00,False,True,True,True,True,False
78,morning_orderflow_momentum,2011-11-29,long,morning_orderflow_momentum_signed_flow_1030_flatten_1530,gao_han_li_zhou_intraday_momentum_and_orderflow_imbalance,signed_flow_1030_flatten_1530,sierra_morning_orderflow_momentum,two_sided_continuation,signed_imbalance,rth_open_to_signal_close,2011-11-29 09:30:00-05:00,2011-11-29 10:30:00-05:00,1195.0,1203.0,1190.5,1201.0,6.0,24.0,547653.0,23113.0,0.04220373119475288,0.03767607238911428,0.04529246557151011,0.04220373119475288,,16.0,0.02,2011-11-29 10:30:00-05:00,2011-11-29 10:30:00-05:00,0.0015,3.0,15:30:00,1195.0,2011-11-29 09:30:00-05:00,1203.0,1190.5,2011-11-29 10:30:00-05:00,2011-11-29 10:30:00-05:00,1201.25,1199.25,1207.25,2.0,1,1.5,2.0,fixed_contracts,2011-11-29 10:47:00-05:00,1199.0,stop,-112.5,-117.5,-1.125,5.0,25.0,True,16:59:59,16:58:30,16:45:00,False,True,True,True,True,False
79,morning_orderflow_momentum,2011-11-30,long,morning_orderflow_momentum_signed_flow_1030_flatten_1530,gao_han_li_zhou_intraday_momentum_and_orderflow_imbalance,signed_flow_1030_flatten_1530,sierra_morning_orderflow_momentum,two_sided_continuation,signed_imbalance,rth_open_to_signal_close,2011-11-30 09:30:00-05:00,2011-11-30 10:30:00-05:00,1229.0,1236.25,1226.5,1234.5,5.5,22.0,606895.0,20259.0,0.03338139216833225,0.022948389487762042,0.0015353960974106961,0.03338139216833225,,16.0,0.02,2011-11-30 10:30:00-05:00,2011-11-30 10:30:00-05:00,0.0015,3.0,15:30:00,1229.0,2011-11-30 09:30:00-05:00,1236.25,1226.5,2011-11-30 10:30:00-05:00,2011-11-30 10:30:00-05:00,1235.0,1233.0,1241.0,2.0,1,4.75,2.5,fixed_contracts,2011-11-30 13:50:00-05:00,1232.75,stop,-112.5,-117.5,-1.125,5.0,25.0,True,16:59:59,16:58:30,16:45:00,False,True,True,True,True,False
80,morning_orderflow_momentum,2011-12-01,long,morning_orderflow_momentum_signed_flow_1030_flatten_1530,gao_han_li_zhou_intraday_momentum_and_orderflow_imbalance,signed_flow_1030_flatten_1530,sierra_morning_orderflow_momentum,two_sided_continuation,signed_imbalance,rth_open_to_signal_close,2011-12-01 09:30:00-05:00,2011-12-01 10:30:00-05:00,1242.75,1251.0,1241.5,1248.5,5.75,23.0,461442.0,15312.0,0.033182935233463794,0.029984168636550932,0.03895749657340416,0.033182935233463794,,16.0,0.02,2011-12-01 10:30:00-05:00,2011-12-01 10:30:00-05:00,0.0015,3.0,15:30:00,1242.75,2011-12-01 09:30:00-05:00,1251.0,1241.5,2011-12-01 10:30:00-05:00,2011-12-01 10:30:00-05:00,1248.5,1246.5,1254.5,2.0,1,0.0,2.0,fixed_contracts,2011-12-01 10:30:00-05:00,1246.25,stop,-112.5,-117.5,-1.125,5.0,25.0,True,16:59:59,16:58:30,16:45:00,False,True,True,True,True,False
81,morning_orderflow_momentum,2011-12-07,short,morning_orderflow_momentum_signed_flow_1030_flatten_1530,gao_han_li_zhou_intraday_momentum_and_orderflow_imbalance,signed_flow_1030_flatten_1530,sierra_morning_orderflow_momentum,two_sided_continuation,signed_imbalance,rth_open_to_signal_close,2011-12-07 09:30:00-05:00,2011-12-07 10:30:00-05:00,1252.5,1253.25,1244.25,1246.0,-6.5,-26.0,459919.0,-30731.0,-0.06681828756802828,-0.10157942416006932,-0.11838502281888137,-0.06681828756802828,,16.0,0.02,2011-12-07 10:30:00-05:00,2011-12-07 10:30:00-05:00,0.0015,3.0,15:30:00,1252.5,2011-12-07 09:30:00-05:00,1253.25,1244.25,2011-12-07 10:30:00-05:00,2011-12-07 10:30:00-05:00,1245.75,1247.75,1239.75,2.0,1,1.75,2.0,fixed_contracts,2011-12-07 10:45:00-05:00,1248.0,stop,-112.5,-117.5,-1.125,5.0,25.0,True,16:59:59,16:58:30,16:45:00,False,True,True,True,True,False
82,morning_orderflow_momentum,2011-12-20,long,morning_orderflow_momentum_signed_flow_1030_flatten_1530,gao_han_li_zhou_intraday_momentum_and_orderflow_imbalance,signed_flow_1030_flatten_1530,sierra_morning_orderflow_momentum,two_sided_continuation,signed_imbalance,rth_open_to_signal_close,2011-12-20 09:30:00-05:00,2011-12-20 10:30:00-05:00,1217.0,1228.75,1217.0,1228.5,11.5,46.0,443430.0,37012.0,0.08346751460207924,0.09476093128360295,0.10557101233377877,0.08346751460207924,,16.0,0.02,2011-12-20 10:30:00-05:00,2011-12-20 10:30:00-05:00,0.0015,3.0,15:30:00,1217.0,2011-12-20 09:30:00-05:00,1228.75,1217.0,2011-12-20 10:30:00-05:00,2011-12-20 10:30:00-05:00,1228.75,1226.75,1234.75,2.0,1,6.0,1.0,fixed_contracts,2011-12-20 13:09:00-05:00,1234.5,target,287.5,282.5,2.875,5.0,25.0,True,16:59:59,16:58:30,16:45:00,False,True,True,True,True,False
83,morning_orderflow_momentum,2011-12-21,short,morning_orderflow_momentum_signed_flow_1030_flatten_1530,gao_han_li_zhou_intraday_momentum_and_orderflow_imbalance,signed_flow_1030_flatten_1530,sierra_morning_orderflow_momentum,two_sided_continuation,signed_imbalance,rth_open_to_signal_close,2011-12-21 09:30:00-05:00,2011-12-21 10:30:00-05:00,1235.25,1236.25,1226.25,1230.25,-5.0,-20.0,399927.0,-11969.0,-0.029927961853038178,-0.08103710478459232,-0.08280494587772216,-0.029927961853038178,,16.0,0.02,2011-12-21 10:30:00-05:00,2011-12-21 10:30:00-05:00,0.0015,3.0,15:30:00,1235.25,2011-12-21 09:30:00-05:00,1236.25,1226.25,2011-12-21 10:30:00-05:00,2011-12-21 10:30:00-05:00,1230.0,1232.0,1224.0,2.0,1,0.0,2.0,fixed_contracts,2011-12-21 10:31:00-05:00,1232.25,stop,-112.5,-117.5,-1.125,5.0,25.0,True,16:59:59,16:58:30,16:45:00,False,True,True,True,True,False
84,morning_orderflow_momentum,2011-12-27,long,morning_orderflow_momentum_signed_flow_1030_flatten_1530,gao_han_li_zhou_intraday_momentum_and_orderflow_imbalance,signed_flow_1030_flatten_1530,sierra_morning_orderflow_momentum,two_sided_continuation,signed_imbalance,rth_open_to_signal_close,2011-12-27 09:30:00-05:00,2011-12-27 10:30:00-05:00,1257.5,1264.0,1256.25,1263.5,6.0,24.0,148836.0,11590.0,0.07787094520142976,0.0773982312833322,0.13479208631108414,0.07787094520142976,,16.0,0.02,2011-12-27 10:30:00-05:00,2011-12-27 10:30:00-05:00,0.0015,3.0,15:30:00,1257.5,2011-12-27 09:30:00-05:00,1264.0,1256.25,2011-12-27 10:30:00-05:00,2011-12-27 10:30:00-05:00,1264.0,1262.0,1270.0,2.0,1,0.0,2.0,fixed_contracts,2011-12-27 10:40:00-05:00,1261.75,stop,-112.5,-117.5,-1.125,5.0,25.0,True,16:59:59,16:58:30,16:45:00,False,True,True,True,True,False
85,morning_orderflow_momentum,2011-12-28,short,morning_orderflow_momentum_signed_flow_1030_flatten_1530,gao_han_li_zhou_intraday_momentum_and_orderflow_imbalance,signed_flow_1030_flatten_1530,sierra_morning_orderflow_momentum,two_sided_continuation,signed_imbalance,rth_open_to_signal_close,2011-12-28 09:30:00-05:00,2011-12-28 10:30:00-05:00,1260.75,1261.25,1249.25,1250.0,-10.75,-43.0,249997.0,-27277.0,-0.10910930931171174,-0.16350060393104204,-0.2078871658129254,-0.10910930931171174,,16.0,0.02,2011-12-28 10:30:00-05:00,2011-12-28 10:30:00-05:00,0.0015,3.0,15:30:00,1260.75,2011-12-28 09:30:00-05:00,1261.25,1249.25,2011-12-28 10:30:00-05:00,2011-12-28 10:30:00-05:00,1249.75,1251.75,1243.75,2.0,1,6.75,1.25,fixed_contracts,2011-12-28 15:27:00-05:00,1244.0,target,287.5,282.5,2.875,5.0,25.0,True,16:59:59,16:58:30,16:45:00,False,True,True,True,True,False
86,morning_orderflow_momentum,2011-12-29,long,morning_orderflow_momentum_signed_flow_1030_flatten_1530,gao_han_li_zhou_intraday_momentum_and_orderflow_imbalance,signed_flow_1030_flatten_1530,sierra_morning_orderflow_momentum,two_sided_continuation,signed_imbalance,rth_open_to_signal_close,2011-12-29 09:30:00-05:00,2011-12-29 10:30:00-05:00,1248.0,1253.5,1247.5,1253.0,5.0,20.0,186255.0,6327.0,0.03396955786421841,0.029418138476541338,0.07151308627952103,0.03396955786421841,,16.0,0.02,2011-12-29 10:30:00-05:00,2011-12-29 10:30:00-05:00,0.0015,3.0,15:30:00,1248.0,2011-12-29 09:30:00-05:00,1253.5,1247.5,2011-12-29 10:30:00-05:00,2011-12-29 10:30:00-05:00,1253.0,1251.0,1259.0,2.0,1,2.0,2.25,fixed_contracts,2011-12-29 11:09:00-05:00,1250.75,stop,-112.5,-117.5,-1.125,5.0,25.0,True,16:59:59,16:58:30,16:45:00,False,True,True,True,True,False
87,morning_orderflow_momentum,2012-01-03,long,morning_orderflow_momentum_signed_flow_1030_flatten_1530,gao_han_li_zhou_intraday_momentum_and_orderflow_imbalance,signed_flow_1030_flatten_1530,sierra_morning_orderflow_momentum,two_sided_continuation,signed_imbalance,rth_open_to_signal_close,2012-01-03 09:30:00-05:00,2012-01-03 10:30:00-05:00,1273.5,1279.75,1273.0,1278.0,4.5,18.0,349784.0,13174.0,0.037663243601765664,0.035174905679732825,0.051682800641753644,0.037663243601765664,,16.0,0.02,2012-01-03 10:30:00-05:00,2012-01-03 10:30:00-05:00,0.0015,3.0,15:30:00,1273.5,2012-01-03 09:30:00-05:00,1279.75,1273.0,2012-01-03 10:30:00-05:00,2012-01-03 10:30:00-05:00,1278.0,1276.0,1284.0,2.0,1,1.5,2.0,fixed_contracts,2012-01-03 11:41:00-05:00,1275.75,stop,-112.5,-117.5,-1.125,5.0,25.0,True,16:59:59,16:58:30,16:45:00,False,True,True,True,True,False
88,morning_orderflow_momentum,2012-01-06,short,morning_orderflow_momentum_signed_flow_1030_flatten_1530,gao_han_li_zhou_intraday_momentum_and_orderflow_imbalance,signed_flow_1030_flatten_1530,sierra_morning_orderflow_momentum,two_sided_continuation,signed_imbalance,rth_open_to_signal_close,2012-01-06 09:30:00-05:00,2012-01-06 10:30:00-05:00,1277.5,1277.5,1268.25,1271.0,-6.5,-26.0,392199.0,-9289.0,-0.02368440511067086,-0.02495501444074255,-0.0018639774410935334,-0.02368440511067086,,16.0,0.02,2012-01-06 10:30:00-05:00,2012-01-06 10:30:00-05:00,0.0015,3.0,15:30:00,1277.5,2012-01-06 09:30:00-05:00,1277.5,1268.25,2012-01-06 10:30:00-05:00,2012-01-06 10:30:00-05:00,1271.0,1273.0,1265.0,2.0,1,0.0,2.25,fixed_contracts,2012-01-06 10:34:00-05:00,1273.25,stop,-112.5,-117.5,-1.125,5.0,25.0,True,16:59:59,16:58:30,16:45:00,False,True,True,True,True,False
89,morning_orderflow_momentum,2012-01-12,short,morning_orderflow_momentum_signed_flow_1030_flatten_1530,gao_han_li_zhou_intraday_momentum_and_orderflow_imbalance,signed_flow_1030_flatten_1530,sierra_morning_orderflow_momentum,two_sided_continuation,signed_imbalance,rth_open_to_signal_close,2012-01-12 09:30:00-05:00,2012-01-12 10:30:00-05:00,1291.5,1292.75,1282.5,1284.25,-7.25,-29.0,414856.0,-16064.0,-0.03872186975721696,-0.04161281756218465,-0.06647451669595782,-0.03872186975721696,,16.0,0.02,2012-01-12 10:30:00-05:00,2012-01-12 10:30:00-05:00,0.0015,3.0,15:30:00,1291.5,2012-01-12 09:30:00-05:00,1292.75,1282.5,2012-01-12 10:30:00-05:00,2012-01-12 10:30:00-05:00,1283.75,1285.75,1277.75,2.0,1,3.0,2.25,fixed_contracts,2012-01-12 11:39:00-05:00,1286.0,stop,-112.5,-117.5,-1.125,5.0,25.0,True,16:59:59,16:58:30,16:45:00,False,True,True,True,True,False
90,morning_orderflow_momentum,2012-01-13,short,morning_orderflow_momentum_signed_flow_1030_flatten_1530,gao_han_li_zhou_intraday_momentum_and_orderflow_imbalance,signed_flow_1030_flatten_1530,sierra_morning_orderflow_momentum,two_sided_continuation,signed_imbalance,rth_open_to_signal_close,2012-01-13 09:30:00-05:00,2012-01-13 10:30:00-05:00,1281.75,1282.75,1272.75,1276.5,-5.25,-21.0,590093.0,-23181.0,-0.03928363834175291,-0.04688625819555883,-0.03125628296138202,-0.03928363834175291,,16.0,0.02,2012-01-13 10:30:00-05:00,2012-01-13 10:30:00-05:00,0.0015,3.0,15:30:00,1281.75,2012-01-13 09:30:00-05:00,1282.75,1272.75,2012-01-13 10:30:00-05:00,2012-01-13 10:30:00-05:00,1276.25,1278.25,1270.25,2.0,1,1.25,2.25,fixed_contracts,2012-01-13 10:55:00-05:00,1278.5,stop,-112.5,-117.5,-1.125,5.0,25.0,True,16:59:59,16:58:30,16:45:00,False,True,True,True,True,False
91,morning_orderflow_momentum,2012-01-18,long,morning_orderflow_momentum_signed_flow_1030_flatten_1530,gao_han_li_zhou_intraday_momentum_and_orderflow_imbalance,signed_flow_1030_flatten_1530,sierra_morning_orderflow_momentum,two_sided_continuation,signed_imbalance,rth_open_to_signal_close,2012-01-18 09:30:00-05:00,2012-01-18 10:30:00-05:00,1289.0,1297.5,1286.5,1296.75,7.75,31.0,400442.0,42300.0,0.10563327523086989,0.10169859922214977,0.09130847611354392,0.10563327523086989,,16.0,0.02,2012-01-18 10:30:00-05:00,2012-01-18 10:30:00-05:00,0.0015,3.0,15:30:00,1289.0,2012-01-18 09:30:00-05:00,1297.5,1286.5,2012-01-18 10:30:00-05:00,2012-01-18 10:30:00-05:00,1297.25,1295.25,1303.25,2.0,1,1.25,2.25,fixed_contracts,2012-01-18 11:35:00-05:00,1295.0,stop,-112.5,-117.5,-1.125,5.0,25.0,True,16:59:59,16:58:30,16:45:00,False,True,True,True,True,False
92,morning_orderflow_momentum,2012-01-23,long,morning_orderflow_momentum_signed_flow_1030_flatten_1530,gao_han_li_zhou_intraday_momentum_and_orderflow_imbalance,signed_flow_1030_flatten_1530,sierra_morning_orderflow_momentum,two_sided_continuation,signed_imbalance,rth_open_to_signal_close,2012-01-23 09:30:00-05:00,2012-01-23 10:30:00-05:00,1310.5,1318.25,1310.25,1315.75,5.25,21.0,304875.0,12225.0,0.04009840098400984,0.057907615595927886,0.045236847015754256,0.04009840098400984,,16.0,0.02,2012-01-23 10:30:00-05:00,2012-01-23 10:30:00-05:00,0.0015,3.0,15:30:00,1310.5,2012-01-23 09:30:00-05:00,1318.25,1310.25,2012-01-23 10:30:00-05:00,2012-01-23 10:30:00-05:00,1316.25,1314.25,1322.25,2.0,1,0.5,2.0,fixed_contracts,2012-01-23 10:56:00-05:00,1314.0,stop,-112.5,-117.5,-1.125,5.0,25.0,True,16:59:59,16:58:30,16:45:00,False,True,True,True,True,False
93,morning_orderflow_momentum,2012-01-26,short,morning_orderflow_momentum_signed_flow_1030_flatten_1530,gao_han_li_zhou_intraday_momentum_and_orderflow_imbalance,signed_flow_1030_flatten_1530,sierra_morning_orderflow_momentum,two_sided_continuation,signed_imbalance,rth_open_to_signal_close,2012-01-26 09:30:00-05:00,2012-01-26 10:30:00-05:00,1327.0,1329.75,1322.25,1322.5,-4.5,-18.0,355033.0,-18893.0,-0.05321477158461326,-0.07888453579662444,-0.10347440968192691,-0.05321477158461326,,16.0,0.02,2012-01-26 10:30:00-05:00,2012-01-26 10:30:00-05:00,0.0015,3.0,15:30:00,1327.0,2012-01-26 09:30:00-05:00,1329.75,1322.25,2012-01-26 10:30:00-05:00,2012-01-26 10:30:00-05:00,1322.5,1324.5,1316.5,2.0,1,6.0,0.75,fixed_contracts,2012-01-26 12:16:00-05:00,1316.75,target,287.5,282.5,2.875,5.0,25.0,True,16:59:59,16:58:30,16:45:00,False,True,True,True,True,False
94,morning_orderflow_momentum,2012-01-31,short,morning_orderflow_momentum_signed_flow_1030_flatten_1530,gao_han_li_zhou_intraday_momentum_and_orderflow_imbalance,signed_flow_1030_flatten_1530,sierra_morning_orderflow_momentum,two_sided_continuation,signed_imbalance,rth_open_to_signal_close,2012-01-31 09:30:00-05:00,2012-01-31 10:30:00-05:00,1315.75,1317.5,1307.25,1310.5,-5.25,-21.0,478536.0,-24038.0,-0.05023237541167227,-0.08768304093127768,-0.11359107657712816,-0.05023237541167227,,16.0,0.02,2012-01-31 10:30:00-05:00,2012-01-31 10:30:00-05:00,0.0015,3.0,15:30:00,1315.75,2012-01-31 09:30:00-05:00,1317.5,1307.25,2012-01-31 10:30:00-05:00,2012-01-31 10:30:00-05:00,1310.25,1312.25,1304.25,2.0,1,6.0,0.5,fixed_contracts,2012-01-31 10:51:00-05:00,1304.5,target,287.5,282.5,2.875,5.0,25.0,True,16:59:59,16:58:30,16:45:00,False,True,True,True,True,False
95,morning_orderflow_momentum,2012-02-09,short,morning_orderflow_momentum_signed_flow_1030_flatten_1530,gao_han_li_zhou_intraday_momentum_and_orderflow_imbalance,signed_flow_1030_flatten_1530,sierra_morning_orderflow_momentum,two_sided_continuation,signed_imbalance,rth_open_to_signal_close,2012-02-09 09:30:00-05:00,2012-02-09 10:30:00-05:00,1349.25,1350.25,1341.25,1342.75,-6.5,-26.0,394044.0,-30102.0,-0.07639248408807138,-0.06515413796913558,-0.05404017933536397,-0.07639248408807138,,16.0,0.02,2012-02-09 10:30:00-05:00,2012-02-09 10:30:00-05:00,0.0015,3.0,15:30:00,1349.25,2012-02-09 09:30:00-05:00,1350.25,1341.25,2012-02-09 10:30:00-05:00,2012-02-09 10:30:00-05:00,1342.25,1344.5,1335.5,2.25,1,1.25,2.25,fixed_contracts,2012-02-09 10:47:00-05:00,1344.75,stop,-125.0,-130.0,-1.1111111111111112,5.0,25.0,True,16:59:59,16:58:30,16:45:00,False,True,True,True,True,False
96,morning_orderflow_momentum,2012-02-27,long,morning_orderflow_momentum_signed_flow_1030_flatten_1530,gao_han_li_zhou_intraday_momentum_and_orderflow_imbalance,signed_flow_1030_flatten_1530,sierra_morning_orderflow_momentum,two_sided_continuation,signed_imbalance,rth_open_to_signal_close,2012-02-27 09:30:00-05:00,2012-02-27 10:30:00-05:00,1355.5,1359.75,1353.0,1359.5,4.0,16.0,387711.0,26037.0,0.06715569070776944,0.07832664594017662,0.08255383340855275,0.06715569070776944,,16.0,0.02,2012-02-27 10:30:00-05:00,2012-02-27 10:30:00-05:00,0.0015,3.0,15:30:00,1355.5,2012-02-27 09:30:00-05:00,1359.75,1353.0,2012-02-27 10:30:00-05:00,2012-02-27 10:30:00-05:00,1359.75,1357.5,1366.5,2.25,1,7.5,1.25,fixed_contracts,2012-02-27 11:21:00-05:00,1366.25,target,325.0,320.0,2.888888888888889,5.0,25.0,True,16:59:59,16:58:30,16:45:00,False,True,True,True,True,False
97,morning_orderflow_momentum,2012-03-05,short,morning_orderflow_momentum_signed_flow_1030_flatten_1530,gao_han_li_zhou_intraday_momentum_and_orderflow_imbalance,signed_flow_1030_flatten_1530,sierra_morning_orderflow_momentum,two_sided_continuation,signed_imbalance,rth_open_to_signal_close,2012-03-05 09:30:00-05:00,2012-03-05 10:30:00-05:00,1366.0,1367.25,1359.25,1360.25,-5.75,-23.0,369164.0,-27910.0,-0.07560325492193172,-0.09187832575782975,-0.09225238524836656,-0.07560325492193172,,16.0,0.02,2012-03-05 10:30:00-05:00,2012-03-05 10:30:00-05:00,0.0015,3.0,15:30:00,1366.0,2012-03-05 09:30:00-05:00,1367.25,1359.25,2012-03-05 10:30:00-05:00,2012-03-05 10:30:00-05:00,1360.0,1362.25,1353.25,2.25,1,0.75,2.25,fixed_contracts,2012-03-05 10:49:00-05:00,1362.5,stop,-125.0,-130.0,-1.1111111111111112,5.0,25.0,True,16:59:59,16:58:30,16:45:00,False,True,True,True,True,False
98,morning_orderflow_momentum,2012-03-09,long,morning_orderflow_momentum_signed_flow_1030_flatten_1530,gao_han_li_zhou_intraday_momentum_and_orderflow_imbalance,signed_flow_1030_flatten_1530,sierra_morning_orderflow_momentum,two_sided_continuation,signed_imbalance,rth_open_to_signal_close,2012-03-09 09:30:00-05:00,2012-03-09 10:30:00-05:00,1368.0,1372.5,1366.5,1372.0,4.0,16.0,168240.0,20382.0,0.12114835948644793,0.14831058987661858,0.1373860308625309,0.12114835948644793,,16.0,0.02,2012-03-09 10:30:00-05:00,2012-03-09 10:30:00-05:00,0.0015,3.0,15:30:00,1368.0,2012-03-09 09:30:00-05:00,1372.5,1366.5,2012-03-09 10:30:00-05:00,2012-03-09 10:30:00-05:00,1372.5,1370.25,1379.25,2.25,1,2.0,2.5,fixed_contracts,2012-03-09 14:55:00-05:00,1370.0,stop,-125.0,-130.0,-1.1111111111111112,5.0,25.0,True,16:59:59,16:58:30,16:45:00,False,True,True,True,True,False
99,morning_orderflow_momentum,2012-03-23,short,morning_orderflow_momentum_signed_flow_1030_flatten_1530,gao_han_li_zhou_intraday_momentum_and_orderflow_imbalance,signed_flow_1030_flatten_1530,sierra_morning_orderflow_momentum,two_sided_continuation,signed_imbalance,rth_open_to_signal_close,2012-03-23 09:30:00-04:00,2012-03-23 10:30:00-04:00,1388.25,1389.0,1380.5,1383.0,-5.25,-21.0,363129.0,-9365.0,-0.025789733125142857,-0.03549134268828485,-0.0759166161756759,-0.025789733125142857,,16.0,0.02,2012-03-23 10:30:00-04:00,2012-03-23 10:30:00-04:00,0.0015,3.0,15:30:00,1388.25,2012-03-23 09:30:00-04:00,1389.0,1380.5,2012-03-23 10:30:00-04:00,2012-03-23 10:30:00-04:00,1383.0,1385.25,1376.25,2.25,1,0.25,2.5,fixed_contracts,2012-03-23 10:36:00-04:00,1385.5,stop,-125.0,-130.0,-1.1111111111111112,5.0,25.0,True,16:59:59,16:58:30,16:45:00,False,True,True,True,True,False
100,morning_orderflow_momentum,2012-03-30,short,morning_orderflow_momentum_signed_flow_1030_flatten_1530,gao_han_li_zhou_intraday_momentum_and_orderflow_imbalance,signed_flow_1030_flatten_1530,sierra_morning_orderflow_momentum,two_sided_continuation,signed_imbalance,rth_open_to_signal_close,2012-03-30 09:30:00-04:00,2012-03-30 10:30:00-04:00,1405.0,1405.25,1398.25,1399.25,-5.75,-23.0,318318.0,-35870.0,-0.11268605608228249,-0.15243266406175116,-0.18506403599861543,-0.11268605608228249,,16.0,0.02,2012-03-30 10:30:00-04:00,2012-03-30 10:30:00-04:00,0.0015,3.0,15:30:00,1405.0,2012-03-30 09:30:00-04:00,1405.25,1398.25,2012-03-30 10:30:00-04:00,2012-03-30 10:30:00-04:00,1399.25,1401.5,1392.5,2.25,1,3.5,2.75,fixed_contracts,2012-03-30 11:12:00-04:00,1401.75,stop,-125.0,-130.0,-1.1111111111111112,5.0,25.0,True,16:59:59,16:58:30,16:45:00,False,True,True,True,True,False
101,morning_orderflow_momentum,2012-04-02,long,morning_orderflow_momentum_signed_flow_1030_flatten_1530,gao_han_li_zhou_intraday_momentum_and_orderflow_imbalance,signed_flow_1030_flatten_1530,sierra_morning_orderflow_momentum,two_sided_continuation,signed_imbalance,rth_open_to_signal_close,2012-04-02 09:30:00-04:00,2012-04-02 10:30:00-04:00,1401.75,1408.5,1399.0,1406.5,4.75,19.0,358194.0,19098.0,0.05331747600462319,0.049314189721816,0.04358510414475068,0.05331747600462319,,16.0,0.02,2012-04-02 10:30:00-04:00,2012-04-02 10:30:00-04:00,0.0015,3.0,15:30:00,1401.75,2012-04-02 09:30:00-04:00,1408.5,1399.0,2012-04-02 10:30:00-04:00,2012-04-02 10:30:00-04:00,1406.75,1404.5,1413.5,2.25,1,6.75,1.75,fixed_contracts,2012-04-02 11:48:00-04:00,1413.25,target,325.0,320.0,2.888888888888889,5.0,25.0,True,16:59:59,16:58:30,16:45:00,False,True,True,True,True,False
102,morning_orderflow_momentum,2012-04-05,long,morning_orderflow_momentum_signed_flow_1030_flatten_1530,gao_han_li_zhou_intraday_momentum_and_orderflow_imbalance,signed_flow_1030_flatten_1530,sierra_morning_orderflow_momentum,two_sided_continuation,signed_imbalance,rth_open_to_signal_close,2012-04-05 09:30:00-04:00,2012-04-05 10:30:00-04:00,1388.75,1394.75,1387.5,1393.0,4.25,17.0,338455.0,22417.0,0.0662333249619595,0.09368040943668968,0.09696611201124741,0.0662333249619595,,16.0,0.02,2012-04-05 10:30:00-04:00,2012-04-05 10:30:00-04:00,0.0015,3.0,15:30:00,1388.75,2012-04-05 09:30:00-04:00,1394.75,1387.5,2012-04-05 10:30:00-04:00,2012-04-05 10:30:00-04:00,1393.25,1391.0,1400.0,2.25,1,4.0,2.5,fixed_contracts,2012-04-05 13:48:00-04:00,1390.75,stop,-125.0,-130.0,-1.1111111111111112,5.0,25.0,True,16:59:59,16:58:30,16:45:00,False,True,True,True,True,False
103,morning_orderflow_momentum,2012-04-12,long,morning_orderflow_momentum_signed_flow_1030_flatten_1530,gao_han_li_zhou_intraday_momentum_and_orderflow_imbalance,signed_flow_1030_flatten_1530,sierra_morning_orderflow_momentum,two_sided_continuation,signed_imbalance,rth_open_to_signal_close,2012-04-12 09:30:00-04:00,2012-04-12 10:30:00-04:00,1366.5,1374.25,1365.5,1372.75,6.25,25.0,377928.0,25240.0,0.0667852077644419,0.06814897793006716,0.04363655833377952,0.0667852077644419,,16.0,0.02,2012-04-12 10:30:00-04:00,2012-04-12 10:30:00-04:00,0.0015,3.0,15:30:00,1366.5,2012-04-12 09:30:00-04:00,1374.25,1365.5,2012-04-12 10:30:00-04:00,2012-04-12 10:30:00-04:00,1373.0,1370.75,1379.75,2.25,1,6.75,0.25,fixed_contracts,2012-04-12 11:05:00-04:00,1379.5,target,325.0,320.0,2.888888888888889,5.0,25.0,True,16:59:59,16:58:30,16:45:00,False,True,True,True,True,False
104,morning_orderflow_momentum,2012-04-13,short,morning_orderflow_momentum_signed_flow_1030_flatten_1530,gao_han_li_zhou_intraday_momentum_and_orderflow_imbalance,signed_flow_1030_flatten_1530,sierra_morning_orderflow_momentum,two_sided_continuation,signed_imbalance,rth_open_to_signal_close,2012-04-13 09:30:00-04:00,2012-04-13 10:30:00-04:00,1380.0,1380.0,1370.0,1372.0,-8.0,-32.0,481728.0,-44920.0,-0.09324764182277136,-0.12989845991397128,-0.16130541435905216,-0.09324764182277136,,16.0,0.02,2012-04-13 10:30:00-04:00,2012-04-13 10:30:00-04:00,0.0015,3.0,15:30:00,1380.0,2012-04-13 09:30:00-04:00,1380.0,1370.0,2012-04-13 10:30:00-04:00,2012-04-13 10:30:00-04:00,1371.5,1373.75,1364.75,2.25,1,3.25,2.25,fixed_contracts,2012-04-13 11:48:00-04:00,1374.0,stop,-125.0,-130.0,-1.1111111111111112,5.0,25.0,True,16:59:59,16:58:30,16:45:00,False,True,True,True,True,False
105,morning_orderflow_momentum,2012-04-16,short,morning_orderflow_momentum_signed_flow_1030_flatten_1530,gao_han_li_zhou_intraday_momentum_and_orderflow_imbalance,signed_flow_1030_flatten_1530,sierra_morning_orderflow_momentum,two_sided_continuation,signed_imbalance,rth_open_to_signal_close,2012-04-16 09:30:00-04:00,2012-04-16 10:30:00-04:00,1373.5,1375.25,1360.75,1364.0,-9.5,-38.0,531882.0,-40950.0,-0.07699076110866696,-0.08324549946249173,-0.09579889147756891,-0.07699076110866696,,16.0,0.02,2012-04-16 10:30:00-04:00,2012-04-16 10:30:00-04:00,0.0015,3.0,15:30:00,1373.5,2012-04-16 09:30:00-04:00,1375.25,1360.75,2012-04-16 10:30:00-04:00,2012-04-16 10:30:00-04:00,1363.5,1365.75,1356.75,2.25,1,1.25,2.5,fixed_contracts,2012-04-16 10:46:00-04:00,1366.0,stop,-125.0,-130.0,-1.1111111111111112,5.0,25.0,True,16:59:59,16:58:30,16:45:00,False,True,True,True,True,False
106,morning_orderflow_momentum,2012-04-17,long,morning_orderflow_momentum_signed_flow_1030_flatten_1530,gao_han_li_zhou_intraday_momentum_and_orderflow_imbalance,signed_flow_1030_flatten_1530,sierra_morning_orderflow_momentum,two_sided_continuation,signed_imbalance,rth_open_to_signal_close,2012-04-17 09:30:00-04:00,2012-04-17 10:30:00-04:00,1373.5,1379.0,1371.75,1378.25,4.75,19.0,448877.0,23663.0,0.05271600015148916,0.07850734953459967,0.08250574296085435,0.05271600015148916,,16.0,0.02,2012-04-17 10:30:00-04:00,2012-04-17 10:30:00-04:00,0.0015,3.0,15:30:00,1373.5,2012-04-17 09:30:00-04:00,1379.0,1371.75,2012-04-17 10:30:00-04:00,2012-04-17 10:30:00-04:00,1378.75,1376.5,1385.5,2.25,1,7.25,0.75,fixed_contracts,2012-04-17 12:22:00-04:00,1385.25,target,325.0,320.0,2.888888888888889,5.0,25.0,True,16:59:59,16:58:30,16:45:00,False,True,True,True,True,False
107,morning_orderflow_momentum,2012-04-27,short,morning_orderflow_momentum_signed_flow_1030_flatten_1530,gao_han_li_zhou_intraday_momentum_and_orderflow_imbalance,signed_flow_1030_flatten_1530,sierra_morning_orderflow_momentum,two_sided_continuation,signed_imbalance,rth_open_to_signal_close,2012-04-27 09:30:00-04:00,2012-04-27 10:30:00-04:00,1400.75,1401.0,1393.0,1395.5,-5.25,-21.0,292795.0,-23419.0,-0.07998428934920336,-0.09596100463534818,-0.10607399670590126,-0.07998428934920336,,16.0,0.02,2012-04-27 10:30:00-04:00,2012-04-27 10:30:00-04:00,0.0015,3.0,15:30:00,1400.75,2012-04-27 09:30:00-04:00,1401.0,1393.0,2012-04-27 10:30:00-04:00,2012-04-27 10:30:00-04:00,1395.25,1397.5,1388.5,2.25,1,1.25,2.5,fixed_contracts,2012-04-27 10:55:00-04:00,1397.75,stop,-125.0,-130.0,-1.1111111111111112,5.0,25.0,True,16:59:59,16:58:30,16:45:00,False,True,True,True,True,False
108,morning_orderflow_momentum,2012-05-01,long,morning_orderflow_momentum_signed_flow_1030_flatten_1530,gao_han_li_zhou_intraday_momentum_and_orderflow_imbalance,signed_flow_1030_flatten_1530,sierra_morning_orderflow_momentum,two_sided_continuation,signed_imbalance,rth_open_to_signal_close,2012-05-01 09:30:00-04:00,2012-05-01 10:30:00-04:00,1392.5,1406.5,1391.25,1406.0,13.5,54.0,436564.0,39184.0,0.08975545395405943,0.10987128805891408,0.1251408065781031,0.08975545395405943,,16.0,0.02,2012-05-01 10:30:00-04:00,2012-05-01 10:30:00-04:00,0.0015,3.0,15:30:00,1392.5,2012-05-01 09:30:00-04:00,1406.5,1391.25,2012-05-01 10:30:00-04:00,2012-05-01 10:30:00-04:00,1406.5,1404.25,1413.25,2.25,1,5.25,2.0,fixed_contracts,2012-05-01 15:30:00-04:00,1405.0,eod_flatten,-75.0,-80.0,-0.6666666666666666,5.0,25.0,True,16:59:59,16:58:30,16:45:00,False,True,True,True,True,False
109,morning_orderflow_momentum,2012-05-03,short,morning_orderflow_momentum_signed_flow_1030_flatten_1530,gao_han_li_zhou_intraday_momentum_and_orderflow_imbalance,signed_flow_1030_flatten_1530,sierra_morning_orderflow_momentum,two_sided_continuation,signed_imbalance,rth_open_to_signal_close,2012-05-03 09:30:00-04:00,2012-05-03 10:30:00-04:00,1398.25,1399.25,1391.0,1393.0,-5.25,-21.0,401003.0,-21811.0,-0.05439111428094054,-0.04896749611929065,-0.03717605109287855,-0.05439111428094054,,16.0,0.02,2012-05-03 10:30:00-04:00,2012-05-03 10:30:00-04:00,0.0015,3.0,15:30:00,1398.25,2012-05-03 09:30:00-04:00,1399.25,1391.0,2012-05-03 10:30:00-04:00,2012-05-03 10:30:00-04:00,1392.75,1395.0,1386.0,2.25,1,0.5,2.25,fixed_contracts,2012-05-03 10:38:00-04:00,1395.25,stop,-125.0,-130.0,-1.1111111111111112,5.0,25.0,True,16:59:59,16:58:30,16:45:00,False,True,True,True,True,False
110,morning_orderflow_momentum,2012-05-04,short,morning_orderflow_momentum_signed_flow_1030_flatten_1530,gao_han_li_zhou_intraday_momentum_and_orderflow_imbalance,signed_flow_1030_flatten_1530,sierra_morning_orderflow_momentum,two_sided_continuation,signed_imbalance,rth_open_to_signal_close,2012-05-04 09:30:00-04:00,2012-05-04 10:30:00-04:00,1379.5,1381.25,1372.0,1373.0,-6.5,-26.0,422066.0,-17014.0,-0.0403112309449233,-0.0502914553033355,-0.05101360997430285,-0.0403112309449233,,16.0,0.02,2012-05-04 10:30:00-04:00,2012-05-04 10:30:00-04:00,0.0015,3.0,15:30:00,1379.5,2012-05-04 09:30:00-04:00,1381.25,1372.0,2012-05-04 10:30:00-04:00,2012-05-04 10:30:00-04:00,1372.75,1375.0,1366.0,2.25,1,7.25,0.75,fixed_contracts,2012-05-04 11:53:00-04:00,1366.25,target,325.0,320.0,2.888888888888889,5.0,25.0,True,16:59:59,16:58:30,16:45:00,False,True,True,True,True,False
111,morning_orderflow_momentum,2012-05-08,short,morning_orderflow_momentum_signed_flow_1030_flatten_1530,gao_han_li_zhou_intraday_momentum_and_orderflow_imbalance,signed_flow_1030_flatten_1530,sierra_morning_orderflow_momentum,two_sided_continuation,signed_imbalance,rth_open_to_signal_close,2012-05-08 09:30:00-04:00,2012-05-08 10:30:00-04:00,1357.25,1359.75,1350.75,1351.25,-6.0,-24.0,451660.0,-16354.0,-0.03620865252623655,-0.04839454320372284,-0.042045405325132575,-0.03620865252623655,,16.0,0.02,2012-05-08 10:30:00-04:00,2012-05-08 10:30:00-04:00,0.0015,3.0,15:30:00,1357.25,2012-05-08 09:30:00-04:00,1359.75,1350.75,2012-05-08 10:30:00-04:00,2012-05-08 10:30:00-04:00,1351.0,1353.25,1344.25,2.25,1,6.75,0.25,fixed_contracts,2012-05-08 11:11:00-04:00,1344.5,target,325.0,320.0,2.888888888888889,5.0,25.0,True,16:59:59,16:58:30,16:45:00,False,True,True,True,True,False
112,morning_orderflow_momentum,2012-05-09,short,morning_orderflow_momentum_signed_flow_1030_flatten_1530,gao_han_li_zhou_intraday_momentum_and_orderflow_imbalance,signed_flow_1030_flatten_1530,sierra_morning_orderflow_momentum,two_sided_continuation,signed_imbalance,rth_open_to_signal_close,2012-05-09 09:30:00-04:00,2012-05-09 10:30:00-04:00,1345.5,1349.75,1339.25,1340.0,-5.5,-22.0,581837.0,-31301.0,-0.053796853758011264,-0.06084852817735279,-0.0670316785148335,-0.053796853758011264,,16.0,0.02,2012-05-09 10:30:00-04:00,2012-05-09 10:30:00-04:00,0.0015,3.0,15:30:00,1345.5,2012-05-09 09:30:00-04:00,1349.75,1339.25,2012-05-09 10:30:00-04:00,2012-05-09 10:30:00-04:00,1339.75,1342.0,1333.0,2.25,1,0.0,2.25,fixed_contracts,2012-05-09 10:32:00-04:00,1342.25,stop,-125.0,-130.0,-1.1111111111111112,5.0,25.0,True,16:59:59,16:58:30,16:45:00,False,True,True,True,True,False
113,morning_orderflow_momentum,2012-05-11,long,morning_orderflow_momentum_signed_flow_1030_flatten_1530,gao_han_li_zhou_intraday_momentum_and_orderflow_imbalance,signed_flow_1030_flatten_1530,sierra_morning_orderflow_momentum,two_sided_continuation,signed_imbalance,rth_open_to_signal_close,2012-05-11 09:30:00-04:00,2012-05-11 10:30:00-04:00,1346.25,1358.25,1345.5,1356.75,10.5,42.0,447004.0,29988.0,0.0670866479942014,0.07055461321862544,0.06418546165083552,0.0670866479942014,,16.0,0.02,2012-05-11 10:30:00-04:00,2012-05-11 10:30:00-04:00,0.0015,3.0,15:30:00,1346.25,2012-05-11 09:30:00-04:00,1358.25,1345.5,2012-05-11 10:30:00-04:00,2012-05-11 10:30:00-04:00,1357.25,1355.0,1364.0,2.25,1,6.0,3.0,fixed_contracts,2012-05-11 14:07:00-04:00,1354.75,stop,-125.0,-130.0,-1.1111111111111112,5.0,25.0,True,16:59:59,16:58:30,16:45:00,False,True,True,True,True,False
114,morning_orderflow_momentum,2012-05-15,long,morning_orderflow_momentum_signed_flow_1030_flatten_1530,gao_han_li_zhou_intraday_momentum_and_orderflow_imbalance,signed_flow_1030_flatten_1530,sierra_morning_orderflow_momentum,two_sided_continuation,signed_imbalance,rth_open_to_signal_close,2012-05-15 09:30:00-04:00,2012-05-15 10:30:00-04:00,1334.75,1341.5,1333.5,1341.25,6.5,26.0,427282.0,21118.0,0.04942403377628826,0.05887965514744406,0.06082967690466693,0.04942403377628826,,16.0,0.02,2012-05-15 10:30:00-04:00,2012-05-15 10:30:00-04:00,0.0015,3.0,15:30:00,1334.75,2012-05-15 09:30:00-04:00,1341.5,1333.5,2012-05-15 10:30:00-04:00,2012-05-15 10:30:00-04:00,1341.5,1339.25,1348.25,2.25,1,0.0,2.25,fixed_contracts,2012-05-15 10:31:00-04:00,1339.0,stop,-125.0,-130.0,-1.1111111111111112,5.0,25.0,True,16:59:59,16:58:30,16:45:00,False,True,True,True,True,False
115,morning_orderflow_momentum,2012-05-21,long,morning_orderflow_momentum_signed_flow_1030_flatten_1530,gao_han_li_zhou_intraday_momentum_and_orderflow_imbalance,signed_flow_1030_flatten_1530,sierra_morning_orderflow_momentum,two_sided_continuation,signed_imbalance,rth_open_to_signal_close,2012-05-21 09:30:00-04:00,2012-05-21 10:30:00-04:00,1296.0,1304.0,1293.75,1303.5,7.5,30.0,471144.0,27690.0,0.05877184045642097,0.05393633173208552,0.034899121735440485,0.05877184045642097,,16.0,0.02,2012-05-21 10:30:00-04:00,2012-05-21 10:30:00-04:00,0.0015,3.0,15:30:00,1296.0,2012-05-21 09:30:00-04:00,1304.0,1293.75,2012-05-21 10:30:00-04:00,2012-05-21 10:30:00-04:00,1303.5,1301.5,1309.5,2.0,1,6.0,0.25,fixed_contracts,2012-05-21 12:26:00-04:00,1309.25,target,287.5,282.5,2.875,5.0,25.0,True,16:59:59,16:58:30,16:45:00,False,True,True,True,True,False
116,morning_orderflow_momentum,2012-05-22,long,morning_orderflow_momentum_signed_flow_1030_flatten_1530,gao_han_li_zhou_intraday_momentum_and_orderflow_imbalance,signed_flow_1030_flatten_1530,sierra_morning_orderflow_momentum,two_sided_continuation,signed_imbalance,rth_open_to_signal_close,2012-05-22 09:30:00-04:00,2012-05-22 10:30:00-04:00,1317.5,1324.75,1313.75,1323.0,5.5,22.0,426230.0,16810.0,0.039438800647537714,0.04153576449759603,0.0050491202493128514,0.039438800647537714,,16.0,0.02,2012-05-22 10:30:00-04:00,2012-05-22 10:30:00-04:00,0.0015,3.0,15:30:00,1317.5,2012-05-22 09:30:00-04:00,1324.75,1313.75,2012-05-22 10:30:00-04:00,2012-05-22 10:30:00-04:00,1323.25,1321.25,1329.25,2.0,1,3.25,2.75,fixed_contracts,2012-05-22 12:00:00-04:00,1321.0,stop,-112.5,-117.5,-1.125,5.0,25.0,True,16:59:59,16:58:30,16:45:00,False,True,True,True,True,False
117,morning_orderflow_momentum,2012-05-23,short,morning_orderflow_momentum_signed_flow_1030_flatten_1530,gao_han_li_zhou_intraday_momentum_and_orderflow_imbalance,signed_flow_1030_flatten_1530,sierra_morning_orderflow_momentum,two_sided_continuation,signed_imbalance,rth_open_to_signal_close,2012-05-23 09:30:00-04:00,2012-05-23 10:30:00-04:00,1306.75,1310.5,1299.5,1302.0,-4.75,-19.0,500142.0,-29918.0,-0.059819011400762186,-0.07055806984754638,-0.06815758807924033,-0.059819011400762186,,16.0,0.02,2012-05-23 10:30:00-04:00,2012-05-23 10:30:00-04:00,0.0015,3.0,15:30:00,1306.75,2012-05-23 09:30:00-04:00,1310.5,1299.5,2012-05-23 10:30:00-04:00,2012-05-23 10:30:00-04:00,1301.75,1303.75,1295.75,2.0,1,6.0,0.5,fixed_contracts,2012-05-23 10:49:00-04:00,1296.0,target,287.5,282.5,2.875,5.0,25.0,True,16:59:59,16:58:30,16:45:00,False,True,True,True,True,False
118,morning_orderflow_momentum,2012-05-30,short,morning_orderflow_momentum_signed_flow_1030_flatten_1530,gao_han_li_zhou_intraday_momentum_and_orderflow_imbalance,signed_flow_1030_flatten_1530,sierra_morning_orderflow_momentum,two_sided_continuation,signed_imbalance,rth_open_to_signal_close,2012-05-30 09:30:00-04:00,2012-05-30 10:30:00-04:00,1319.75,1320.5,1313.0,1315.75,-4.0,-16.0,534831.0,-12363.0,-0.023115713187904216,-0.02563679651196145,-0.020376600963778916,-0.023115713187904216,,16.0,0.02,2012-05-30 10:30:00-04:00,2012-05-30 10:30:00-04:00,0.0015,3.0,15:30:00,1319.75,2012-05-30 09:30:00-04:00,1320.5,1313.0,2012-05-30 10:30:00-04:00,2012-05-30 10:30:00-04:00,1315.75,1317.75,1309.75,2.0,1,6.25,1.0,fixed_contracts,2012-05-30 12:27:00-04:00,1310.0,target,287.5,282.5,2.875,5.0,25.0,True,16:59:59,16:58:30,16:45:00,False,True,True,True,True,False
119,morning_orderflow_momentum,2012-05-31,short,morning_orderflow_momentum_signed_flow_1030_flatten_1530,gao_han_li_zhou_intraday_momentum_and_orderflow_imbalance,signed_flow_1030_flatten_1530,sierra_morning_orderflow_momentum,two_sided_continuation,signed_imbalance,rth_open_to_signal_close,2012-05-31 09:30:00-04:00,2012-05-31 10:30:00-04:00,1311.25,1312.75,1299.75,1303.25,-8.0,-32.0,567185.0,-29131.0,-0.05136066715445578,-0.061679715031335125,-0.08468278110712399,-0.05136066715445578,,16.0,0.02,2012-05-31 10:30:00-04:00,2012-05-31 10:30:00-04:00,0.0015,3.0,15:30:00,1311.25,2012-05-31 09:30:00-04:00,1312.75,1299.75,2012-05-31 10:30:00-04:00,2012-05-31 10:30:00-04:00,1302.75,1304.75,1296.75,2.0,1,5.5,2.5,fixed_contracts,2012-05-31 11:34:00-04:00,1305.0,stop,-112.5,-117.5,-1.125,5.0,25.0,True,16:59:59,16:58:30,16:45:00,False,True,True,True,True,False
120,morning_orderflow_momentum,2012-06-05,long,morning_orderflow_momentum_signed_flow_1030_flatten_1530,gao_han_li_zhou_intraday_momentum_and_orderflow_imbalance,signed_flow_1030_flatten_1530,sierra_morning_orderflow_momentum,two_sided_continuation,signed_imbalance,rth_open_to_signal_close,2012-06-05 09:30:00-04:00,2012-06-05 10:30:00-04:00,1272.25,1284.5,1271.75,1282.5,10.25,41.0,471527.0,49787.0,0.10558674264676254,0.16312816787924253,0.2078828022787142,0.10558674264676254,,16.0,0.02,2012-06-05 10:30:00-04:00,2012-06-05 10:30:00-04:00,0.0015,3.0,15:30:00,1272.25,2012-06-05 09:30:00-04:00,1284.5,1271.75,2012-06-05 10:30:00-04:00,2012-06-05 10:30:00-04:00,1282.75,1280.75,1288.75,2.0,1,0.25,2.0,fixed_contracts,2012-06-05 10:33:00-04:00,1280.5,stop,-112.5,-117.5,-1.125,5.0,25.0,True,16:59:59,16:58:30,16:45:00,False,True,True,True,True,False
121,morning_orderflow_momentum,2012-06-11,short,morning_orderflow_momentum_signed_flow_1030_flatten_1530,gao_han_li_zhou_intraday_momentum_and_orderflow_imbalance,signed_flow_1030_flatten_1530,sierra_morning_orderflow_momentum,two_sided_continuation,signed_imbalance,rth_open_to_signal_close,2012-06-11 09:30:00-04:00,2012-06-11 10:30:00-04:00,1335.75,1336.75,1322.75,1324.5,-11.25,-45.0,189966.0,-16150.0,-0.0850152132486866,-0.09420179808042765,-0.08205965276747292,-0.0850152132486866,,16.0,0.02,2012-06-11 10:30:00-04:00,2012-06-11 10:30:00-04:00,0.0015,3.0,15:30:00,1335.75,2012-06-11 09:30:00-04:00,1336.75,1322.75,2012-06-11 10:30:00-04:00,2012-06-11 10:30:00-04:00,1324.0,1326.0,1318.0,2.0,1,1.25,2.0,fixed_contracts,2012-06-11 10:37:00-04:00,1326.25,stop,-112.5,-117.5,-1.125,5.0,25.0,True,16:59:59,16:58:30,16:45:00,False,True,True,True,True,False
122,morning_orderflow_momentum,2012-06-14,long,morning_orderflow_momentum_signed_flow_1030_flatten_1530,gao_han_li_zhou_intraday_momentum_and_orderflow_imbalance,signed_flow_1030_flatten_1530,sierra_morning_orderflow_momentum,two_sided_continuation,signed_imbalance,rth_open_to_signal_close,2012-06-14 09:30:00-04:00,2012-06-14 10:30:00-04:00,1311.0,1317.25,1307.25,1315.25,4.25,17.0,494313.0,15637.0,0.0316338028738876,0.04371787652605221,0.03933706194514088,0.0316338028738876,,16.0,0.02,2012-06-14 10:30:00-04:00,2012-06-14 10:30:00-04:00,0.0015,3.0,15:30:00,1311.0,2012-06-14 09:30:00-04:00,1317.25,1307.25,2012-06-14 10:30:00-04:00,2012-06-14 10:30:00-04:00,1315.5,1313.5,1321.5,2.0,1,0.5,2.25,fixed_contracts,2012-06-14 10:32:00-04:00,1313.25,stop,-112.5,-117.5,-1.125,5.0,25.0,True,16:59:59,16:58:30,16:45:00,False,True,True,True,True,False
123,morning_orderflow_momentum,2012-06-18,long,morning_orderflow_momentum_signed_flow_1030_flatten_1530,gao_han_li_zhou_intraday_momentum_and_orderflow_imbalance,signed_flow_1030_flatten_1530,sierra_morning_orderflow_momentum,two_sided_continuation,signed_imbalance,rth_open_to_signal_close,2012-06-18 09:30:00-04:00,2012-06-18 10:30:00-04:00,1330.25,1337.75,1327.25,1336.75,6.5,26.0,420620.0,19004.0,0.04518092339879226,0.034567591780275075,0.016913105124569578,0.04518092339879226,,16.0,0.02,2012-06-18 10:30:00-04:00,2012-06-18 10:30:00-04:00,0.0015,3.0,15:30:00,1330.25,2012-06-18 09:30:00-04:00,1337.75,1327.25,2012-06-18 10:30:00-04:00,2012-06-18 10:30:00-04:00,1337.25,1335.0,1344.0,2.25,1,2.75,2.25,fixed_contracts,2012-06-18 11:04:00-04:00,1334.75,stop,-125.0,-130.0,-1.1111111111111112,5.0,25.0,True,16:59:59,16:58:30,16:45:00,False,True,True,True,True,False
124,morning_orderflow_momentum,2012-06-19,long,morning_orderflow_momentum_signed_flow_1030_flatten_1530,gao_han_li_zhou_intraday_momentum_and_orderflow_imbalance,signed_flow_1030_flatten_1530,sierra_morning_orderflow_momentum,two_sided_continuation,signed_imbalance,rth_open_to_signal_close,2012-06-19 09:30:00-04:00,2012-06-19 10:30:00-04:00,1345.25,1351.75,1343.75,1350.75,5.5,22.0,376464.0,18758.0,0.04982680946916571,0.05749642927887071,0.08346430501850235,0.04982680946916571,,16.0,0.02,2012-06-19 10:30:00-04:00,2012-06-19 10:30:00-04:00,0.0015,3.0,15:30:00,1345.25,2012-06-19 09:30:00-04:00,1351.75,1343.75,2012-06-19 10:30:00-04:00,2012-06-19 10:30:00-04:00,1351.25,1349.0,1358.0,2.25,1,5.75,2.0,fixed_contracts,2012-06-19 15:30:00-04:00,1352.5,eod_flatten,62.5,57.5,0.5555555555555556,5.0,25.0,True,16:59:59,16:58:30,16:45:00,False,True,True,True,True,False
125,morning_orderflow_momentum,2012-06-21,short,morning_orderflow_momentum_signed_flow_1030_flatten_1530,gao_han_li_zhou_intraday_momentum_and_orderflow_imbalance,signed_flow_1030_flatten_1530,sierra_morning_orderflow_momentum,two_sided_continuation,signed_imbalance,rth_open_to_signal_close,2012-06-21 09:30:00-04:00,2012-06-21 10:30:00-04:00,1351.0,1352.5,1341.75,1343.0,-8.0,-32.0,420778.0,-28912.0,-0.06871081663014701,-0.09564399670401802,-0.1266204658972863,-0.06871081663014701,,16.0,0.02,2012-06-21 10:30:00-04:00,2012-06-21 10:30:00-04:00,0.0015,3.0,15:30:00,1351.0,2012-06-21 09:30:00-04:00,1352.5,1341.75,2012-06-21 10:30:00-04:00,2012-06-21 10:30:00-04:00,1342.75,1345.0,1336.0,2.25,1,0.5,2.5,fixed_contracts,2012-06-21 10:45:00-04:00,1345.25,stop,-125.0,-130.0,-1.1111111111111112,5.0,25.0,True,16:59:59,16:58:30,16:45:00,False,True,True,True,True,False
126,morning_orderflow_momentum,2012-06-25,short,morning_orderflow_momentum_signed_flow_1030_flatten_1530,gao_han_li_zhou_intraday_momentum_and_orderflow_imbalance,signed_flow_1030_flatten_1530,sierra_morning_orderflow_momentum,two_sided_continuation,signed_imbalance,rth_open_to_signal_close,2012-06-25 09:30:00-04:00,2012-06-25 10:30:00-04:00,1314.75,1315.5,1306.5,1306.75,-8.0,-32.0,457955.0,-15045.0,-0.032852572851044315,-0.01926177275852226,0.009151577604396683,-0.032852572851044315,,16.0,0.02,2012-06-25 10:30:00-04:00,2012-06-25 10:30:00-04:00,0.0015,3.0,15:30:00,1314.75,2012-06-25 09:30:00-04:00,1315.5,1306.5,2012-06-25 10:30:00-04:00,2012-06-25 10:30:00-04:00,1306.5,1308.5,1300.5,2.0,1,0.0,2.25,fixed_contracts,2012-06-25 10:30:00-04:00,1308.75,stop,-112.5,-117.5,-1.125,5.0,25.0,True,16:59:59,16:58:30,16:45:00,False,True,True,True,True,False
127,morning_orderflow_momentum,2012-06-27,long,morning_orderflow_momentum_signed_flow_1030_flatten_1530,gao_han_li_zhou_intraday_momentum_and_orderflow_imbalance,signed_flow_1030_flatten_1530,sierra_morning_orderflow_momentum,two_sided_continuation,signed_imbalance,rth_open_to_signal_close,2012-06-27 09:30:00-04:00,2012-06-27 10:30:00-04:00,1318.0,1326.0,1317.25,1325.25,7.25,29.0,415840.0,20608.0,0.049557522123893805,0.061989538001670404,0.07754852188724691,0.049557522123893805,,16.0,0.02,2012-06-27 10:30:00-04:00,2012-06-27 10:30:00-04:00,0.0015,3.0,15:30:00,1318.0,2012-06-27 09:30:00-04:00,1326.0,1317.25,2012-06-27 10:30:00-04:00,2012-06-27 10:30:00-04:00,1325.25,1323.25,1331.25,2.0,1,0.5,2.0,fixed_contracts,2012-06-27 10:40:00-04:00,1323.0,stop,-112.5,-117.5,-1.125,5.0,25.0,True,16:59:59,16:58:30,16:45:00,False,True,True,True,True,False
128,morning_orderflow_momentum,2012-07-02,short,morning_orderflow_momentum_signed_flow_1030_flatten_1530,gao_han_li_zhou_intraday_momentum_and_orderflow_imbalance,signed_flow_1030_flatten_1530,sierra_morning_orderflow_momentum,two_sided_continuation,signed_imbalance,rth_open_to_signal_close,2012-07-02 09:30:00-04:00,2012-07-02 10:30:00-04:00,1359.25,1361.0,1349.75,1352.75,-6.5,-26.0,472411.0,-19019.0,-0.040259435110528756,-0.033689270329158555,-0.02744311035662985,-0.040259435110528756,,16.0,0.02,2012-07-02 10:30:00-04:00,2012-07-02 10:30:00-04:00,0.0015,3.0,15:30:00,1359.25,2012-07-02 09:30:00-04:00,1361.0,1349.75,2012-07-02 10:30:00-04:00,2012-07-02 10:30:00-04:00,1352.5,1354.75,1345.75,2.25,1,2.25,2.25,fixed_contracts,2012-07-02 10:48:00-04:00,1355.0,stop,-125.0,-130.0,-1.1111111111111112,5.0,25.0,True,16:59:59,16:58:30,16:45:00,False,True,True,True,True,False
129,morning_orderflow_momentum,2012-07-09,short,morning_orderflow_momentum_signed_flow_1030_flatten_1530,gao_han_li_zhou_intraday_momentum_and_orderflow_imbalance,signed_flow_1030_flatten_1530,sierra_morning_orderflow_momentum,two_sided_continuation,signed_imbalance,rth_open_to_signal_close,2012-07-09 09:30:00-04:00,2012-07-09 10:30:00-04:00,1347.75,1349.5,1341.75,1343.25,-4.5,-18.0,329230.0,-12144.0,-0.03688606749081189,-0.04456714415752407,-0.02357753515729968,-0.03688606749081189,,16.0,0.02,2012-07-09 10:30:00-04:00,2012-07-09 10:30:00-04:00,0.0015,3.0,15:30:00,1347.75,2012-07-09 09:30:00-04:00,1349.5,1341.75,2012-07-09 10:30:00-04:00,2012-07-09 10:30:00-04:00,1343.0,1345.25,1336.25,2.25,1,1.25,2.25,fixed_contracts,2012-07-09 10:46:00-04:00,1345.5,stop,-125.0,-130.0,-1.1111111111111112,5.0,25.0,True,16:59:59,16:58:30,16:45:00,False,True,True,True,True,False
130,morning_orderflow_momentum,2012-07-12,short,morning_orderflow_momentum_signed_flow_1030_flatten_1530,gao_han_li_zhou_intraday_momentum_and_orderflow_imbalance,signed_flow_1030_flatten_1530,sierra_morning_orderflow_momentum,two_sided_continuation,signed_imbalance,rth_open_to_signal_close,2012-07-12 09:30:00-04:00,2012-07-12 10:30:00-04:00,1327.75,1328.0,1320.5,1322.5,-5.25,-21.0,363123.0,-15899.0,-0.04378406214973989,-0.048273450661693806,-0.06813076698258945,-0.04378406214973989,,16.0,0.02,2012-07-12 10:30:00-04:00,2012-07-12 10:30:00-04:00,0.0015,3.0,15:30:00,1327.75,2012-07-12 09:30:00-04:00,1328.0,1320.5,2012-07-12 10:30:00-04:00,2012-07-12 10:30:00-04:00,1322.0,1324.0,1316.0,2.0,1,2.25,2.25,fixed_contracts,2012-07-12 11:03:00-04:00,1324.25,stop,-112.5,-117.5,-1.125,5.0,25.0,True,16:59:59,16:58:30,16:45:00,False,True,True,True,True,False
131,morning_orderflow_momentum,2012-07-13,long,morning_orderflow_momentum_signed_flow_1030_flatten_1530,gao_han_li_zhou_intraday_momentum_and_orderflow_imbalance,signed_flow_1030_flatten_1530,sierra_morning_orderflow_momentum,two_sided_continuation,signed_imbalance,rth_open_to_signal_close,2012-07-13 09:30:00-04:00,2012-07-13 10:30:00-04:00,1332.25,1347.75,1332.0,1344.25,12.0,48.0,530333.0,22251.0,0.04195665742090347,0.04756788090003605,0.035825387793736806,0.04195665742090347,,16.0,0.02,2012-07-13 10:30:00-04:00,2012-07-13 10:30:00-04:00,0.0015,3.0,15:30:00,1332.25,2012-07-13 09:30:00-04:00,1347.75,1332.0,2012-07-13 10:30:00-04:00,2012-07-13 10:30:00-04:00,1344.75,1342.5,1351.5,2.25,1,7.25,0.5,fixed_contracts,2012-07-13 15:03:00-04:00,1351.25,target,325.0,320.0,2.888888888888889,5.0,25.0,True,16:59:59,16:58:30,16:45:00,False,True,True,True,True,False
132,morning_orderflow_momentum,2012-07-17,short,morning_orderflow_momentum_signed_flow_1030_flatten_1530,gao_han_li_zhou_intraday_momentum_and_orderflow_imbalance,signed_flow_1030_flatten_1530,sierra_morning_orderflow_momentum,two_sided_continuation,signed_imbalance,rth_open_to_signal_close,2012-07-17 09:30:00-04:00,2012-07-17 10:30:00-04:00,1353.5,1356.5,1344.5,1347.0,-6.5,-26.0,467164.0,-14856.0,-0.03180039557842642,-0.03821480042342798,-0.041357078840093674,-0.03180039557842642,,16.0,0.02,2012-07-17 10:30:00-04:00,2012-07-17 10:30:00-04:00,0.0015,3.0,15:30:00,1353.5,2012-07-17 09:30:00-04:00,1356.5,1344.5,2012-07-17 10:30:00-04:00,2012-07-17 10:30:00-04:00,1346.5,1348.75,1339.75,2.25,1,6.75,0.5,fixed_contracts,2012-07-17 10:41:00-04:00,1340.0,target,325.0,320.0,2.888888888888889,5.0,25.0,True,16:59:59,16:58:30,16:45:00,False,True,True,True,True,False
133,morning_orderflow_momentum,2012-07-18,long,morning_orderflow_momentum_signed_flow_1030_flatten_1530,gao_han_li_zhou_intraday_momentum_and_orderflow_imbalance,signed_flow_1030_flatten_1530,sierra_morning_orderflow_momentum,two_sided_continuation,signed_imbalance,rth_open_to_signal_close,2012-07-18 09:30:00-04:00,2012-07-18 10:30:00-04:00,1354.25,1365.25,1353.5,1362.75,8.5,34.0,417740.0,32310.0,0.07734475989850147,0.10242665132576748,0.13183554021600766,0.07734475989850147,,16.0,0.02,2012-07-18 10:30:00-04:00,2012-07-18 10:30:00-04:00,0.0015,3.0,15:30:00,1354.25,2012-07-18 09:30:00-04:00,1365.25,1353.5,2012-07-18 10:30:00-04:00,2012-07-18 10:30:00-04:00,1363.25,1361.0,1370.0,2.25,1,7.25,1.75,fixed_contracts,2012-07-18 12:22:00-04:00,1369.75,target,325.0,320.0,2.888888888888889,5.0,25.0,True,16:59:59,16:58:30,16:45:00,False,True,True,True,True,False
134,morning_orderflow_momentum,2012-07-24,short,morning_orderflow_momentum_signed_flow_1030_flatten_1530,gao_han_li_zhou_intraday_momentum_and_orderflow_imbalance,signed_flow_1030_flatten_1530,sierra_morning_orderflow_momentum,two_sided_continuation,signed_imbalance,rth_open_to_signal_close,2012-07-24 09:30:00-04:00,2012-07-24 10:30:00-04:00,1345.5,1346.25,1335.25,1336.5,-9.0,-36.0,333580.0,-25062.0,-0.07513040350140895,-0.07158715514419214,-0.043523818763946835,-0.07513040350140895,,16.0,0.02,2012-07-24 10:30:00-04:00,2012-07-24 10:30:00-04:00,0.0015,3.0,15:30:00,1345.5,2012-07-24 09:30:00-04:00,1346.25,1335.25,2012-07-24 10:30:00-04:00,2012-07-24 10:30:00-04:00,1336.25,1338.5,1329.5,2.25,1,0.25,2.5,fixed_contracts,2012-07-24 10:37:00-04:00,1338.75,stop,-125.0,-130.0,-1.1111111111111112,5.0,25.0,True,16:59:59,16:58:30,16:45:00,False,True,True,True,True,False
135,morning_orderflow_momentum,2012-08-01,short,morning_orderflow_momentum_signed_flow_1030_flatten_1530,gao_han_li_zhou_intraday_momentum_and_orderflow_imbalance,signed_flow_1030_flatten_1530,sierra_morning_orderflow_momentum,two_sided_continuation,signed_imbalance,rth_open_to_signal_close,2012-08-01 09:30:00-04:00,2012-08-01 10:30:00-04:00,1381.0,1381.25,1373.75,1376.0,-5.0,-20.0,285473.0,-10347.0,-0.036245108994545895,-0.030537598415587494,-0.03162685884492241,-0.036245108994545895,,16.0,0.02,2012-08-01 10:30:00-04:00,2012-08-01 10:30:00-04:00,0.0015,3.0,15:30:00,1381.0,2012-08-01 09:30:00-04:00,1381.25,1373.75,2012-08-01 10:30:00-04:00,2012-08-01 10:30:00-04:00,1375.75,1378.0,1369.0,2.25,1,0.5,2.25,fixed_contracts,2012-08-01 10:36:00-04:00,1378.25,stop,-125.0,-130.0,-1.1111111111111112,5.0,25.0,True,16:59:59,16:58:30,16:45:00,False,True,True,True,True,False
136,morning_orderflow_momentum,2012-08-02,long,morning_orderflow_momentum_signed_flow_1030_flatten_1530,gao_han_li_zhou_intraday_momentum_and_orderflow_imbalance,signed_flow_1030_flatten_1530,sierra_morning_orderflow_momentum,two_sided_continuation,signed_imbalance,rth_open_to_signal_close,2012-08-02 09:30:00-04:00,2012-08-02 10:30:00-04:00,1359.5,1369.5,1356.0,1369.0,9.5,38.0,570138.0,24860.0,0.04360347845609309,0.05236203513138372,0.07794995345781087,0.04360347845609309,,16.0,0.02,2012-08-02 10:30:00-04:00,2012-08-02 10:30:00-04:00,0.0015,3.0,15:30:00,1359.5,2012-08-02 09:30:00-04:00,1369.5,1356.0,2012-08-02 10:30:00-04:00,2012-08-02 10:30:00-04:00,1369.25,1367.0,1376.0,2.25,1,0.0,2.25,fixed_contracts,2012-08-02 10:34:00-04:00,1366.75,stop,-125.0,-130.0,-1.1111111111111112,5.0,25.0,True,16:59:59,16:58:30,16:45:00,False,True,True,True,True,False
137,morning_orderflow_momentum,2012-08-03,long,morning_orderflow_momentum_signed_flow_1030_flatten_1530,gao_han_li_zhou_intraday_momentum_and_orderflow_imbalance,signed_flow_1030_flatten_1530,sierra_morning_orderflow_momentum,two_sided_continuation,signed_imbalance,rth_open_to_signal_close,2012-08-03 09:30:00-04:00,2012-08-03 10:30:00-04:00,1379.5,1388.25,1378.75,1387.75,8.25,33.0,473041.0,24461.0,0.051710105466545184,0.06365422253647407,0.06385401755067505,0.051710105466545184,,16.0,0.02,2012-08-03 10:30:00-04:00,2012-08-03 10:30:00-04:00,0.0015,3.0,15:30:00,1379.5,2012-08-03 09:30:00-04:00,1388.25,1378.75,2012-08-03 10:30:00-04:00,2012-08-03 10:30:00-04:00,1388.25,1386.0,1395.0,2.25,1,0.0,2.25,fixed_contracts,2012-08-03 10:36:00-04:00,1385.75,stop,-125.0,-130.0,-1.1111111111111112,5.0,25.0,True,16:59:59,16:58:30,16:45:00,False,True,True,True,True,False
138,morning_orderflow_momentum,2012-08-07,long,morning_orderflow_momentum_signed_flow_1030_flatten_1530,gao_han_li_zhou_intraday_momentum_and_orderflow_imbalance,signed_flow_1030_flatten_1530,sierra_morning_orderflow_momentum,two_sided_continuation,signed_imbalance,rth_open_to_signal_close,2012-08-07 09:30:00-04:00,2012-08-07 10:30:00-04:00,1395.75,1400.5,1395.5,1399.75,4.0,16.0,302582.0,9738.0,0.03218301154728305,0.030885073589196704,0.029063838466245155,0.03218301154728305,,16.0,0.02,2012-08-07 10:30:00-04:00,2012-08-07 10:30:00-04:00,0.0015,3.0,15:30:00,1395.75,2012-08-07 09:30:00-04:00,1400.5,1395.5,2012-08-07 10:30:00-04:00,2012-08-07 10:30:00-04:00,1399.75,1397.5,1406.5,2.25,1,0.5,2.25,fixed_contracts,2012-08-07 11:07:00-04:00,1397.25,stop,-125.0,-130.0,-1.1111111111111112,5.0,25.0,True,16:59:59,16:58:30,16:45:00,False,True,True,True,True,False
139,morning_orderflow_momentum,2012-08-21,long,morning_orderflow_momentum_signed_flow_1030_flatten_1530,gao_han_li_zhou_intraday_momentum_and_orderflow_imbalance,signed_flow_1030_flatten_1530,sierra_morning_orderflow_momentum,two_sided_continuation,signed_imbalance,rth_open_to_signal_close,2012-08-21 09:30:00-04:00,2012-08-21 10:30:00-04:00,1419.0,1423.25,1418.25,1423.0,4.0,16.0,287377.0,15857.0,0.05517838936310143,0.08348078909112437,0.12535398717140483,0.05517838936310143,,16.0,0.02,2012-08-21 10:30:00-04:00,2012-08-21 10:30:00-04:00,0.0015,3.0,15:30:00,1419.0,2012-08-21 09:30:00-04:00,1423.25,1418.25,2012-08-21 10:30:00-04:00,2012-08-21 10:30:00-04:00,1423.5,1421.25,1430.25,2.25,1,1.25,2.25,fixed_contracts,2012-08-21 11:21:00-04:00,1421.0,stop,-125.0,-130.0,-1.1111111111111112,5.0,25.0,True,16:59:59,16:58:30,16:45:00,False,True,True,True,True,False
140,morning_orderflow_momentum,2012-08-23,short,morning_orderflow_momentum_signed_flow_1030_flatten_1530,gao_han_li_zhou_intraday_momentum_and_orderflow_imbalance,signed_flow_1030_flatten_1530,sierra_morning_orderflow_momentum,two_sided_continuation,signed_imbalance,rth_open_to_signal_close,2012-08-23 09:30:00-04:00,2012-08-23 10:30:00-04:00,1408.25,1408.5,1401.5,1404.25,-4.0,-16.0,345015.0,-7289.0,-0.021126617683289134,-0.0015334133996740156,0.00946336851046099,-0.021126617683289134,,16.0,0.02,2012-08-23 10:30:00-04:00,2012-08-23 10:30:00-04:00,0.0015,3.0,15:30:00,1408.25,2012-08-23 09:30:00-04:00,1408.5,1401.5,2012-08-23 10:30:00-04:00,2012-08-23 10:30:00-04:00,1403.75,1406.0,1397.0,2.25,1,0.5,2.25,fixed_contracts,2012-08-23 10:33:00-04:00,1406.25,stop,-125.0,-130.0,-1.1111111111111112,5.0,25.0,True,16:59:59,16:58:30,16:45:00,False,True,True,True,True,False
141,morning_orderflow_momentum,2012-08-28,long,morning_orderflow_momentum_signed_flow_1030_flatten_1530,gao_han_li_zhou_intraday_momentum_and_orderflow_imbalance,signed_flow_1030_flatten_1530,sierra_morning_orderflow_momentum,two_sided_continuation,signed_imbalance,rth_open_to_signal_close,2012-08-28 09:30:00-04:00,2012-08-28 10:30:00-04:00,1405.25,1411.25,1403.25,1410.5,5.25,21.0,335929.0,15277.0,0.045476871600844224,0.04490521666810061,0.036388274990223096,0.045476871600844224,,16.0,0.02,2012-08-28 10:30:00-04:00,2012-08-28 10:30:00-04:00,0.0015,3.0,15:30:00,1405.25,2012-08-28 09:30:00-04:00,1411.25,1403.25,2012-08-28 10:30:00-04:00,2012-08-28 10:30:00-04:00,1410.75,1408.5,1417.5,2.25,1,1.25,3.25,fixed_contracts,2012-08-28 10:58:00-04:00,1408.25,stop,-125.0,-130.0,-1.1111111111111112,5.0,25.0,True,16:59:59,16:58:30,16:45:00,False,True,True,True,True,False
142,morning_orderflow_momentum,2012-08-30,short,morning_orderflow_momentum_signed_flow_1030_flatten_1530,gao_han_li_zhou_intraday_momentum_and_orderflow_imbalance,signed_flow_1030_flatten_1530,sierra_morning_orderflow_momentum,two_sided_continuation,signed_imbalance,rth_open_to_signal_close,2012-08-30 09:30:00-04:00,2012-08-30 10:30:00-04:00,1402.25,1402.75,1397.0,1398.0,-4.25,-17.0,284692.0,-7074.0,-0.024847905806977363,-0.0027773835830275507,-0.006478654482399124,-0.024847905806977363,,16.0,0.02,2012-08-30 10:30:00-04:00,2012-08-30 10:30:00-04:00,0.0015,3.0,15:30:00,1402.25,2012-08-30 09:30:00-04:00,1402.75,1397.0,2012-08-30 10:30:00-04:00,2012-08-30 10:30:00-04:00,1397.5,1399.75,1390.75,2.25,1,2.25,2.25,fixed_contracts,2012-08-30 11:26:00-04:00,1400.0,stop,-125.0,-130.0,-1.1111111111111112,5.0,25.0,True,16:59:59,16:58:30,16:45:00,False,True,True,True,True,False
143,morning_orderflow_momentum,2012-09-04,short,morning_orderflow_momentum_signed_flow_1030_flatten_1530,gao_han_li_zhou_intraday_momentum_and_orderflow_imbalance,signed_flow_1030_flatten_1530,sierra_morning_orderflow_momentum,two_sided_continuation,signed_imbalance,rth_open_to_signal_close,2012-09-04 09:30:00-04:00,2012-09-04 10:30:00-04:00,1403.75,1405.25,1397.25,1397.5,-6.25,-25.0,333398.0,-23504.0,-0.07049832332527489,-0.08265443328323974,-0.0971667683724174,-0.07049832332527489,,16.0,0.02,2012-09-04 10:30:00-04:00,2012-09-04 10:30:00-04:00,0.0015,3.0,15:30:00,1403.75,2012-09-04 09:30:00-04:00,1405.25,1397.25,2012-09-04 10:30:00-04:00,2012-09-04 10:30:00-04:00,1397.25,1399.5,1390.5,2.25,1,2.75,2.25,fixed_contracts,2012-09-04 13:24:00-04:00,1399.75,stop,-125.0,-130.0,-1.1111111111111112,5.0,25.0,True,16:59:59,16:58:30,16:45:00,False,True,True,True,True,False
144,morning_orderflow_momentum,2012-09-06,long,morning_orderflow_momentum_signed_flow_1030_flatten_1530,gao_han_li_zhou_intraday_momentum_and_orderflow_imbalance,signed_flow_1030_flatten_1530,sierra_morning_orderflow_momentum,two_sided_continuation,signed_imbalance,rth_open_to_signal_close,2012-09-06 09:30:00-04:00,2012-09-06 10:30:00-04:00,1411.0,1424.0,1410.75,1423.5,12.5,50.0,484247.0,28331.0,0.05850526694021853,0.0591938801177811,0.042269541508455584,0.05850526694021853,,16.0,0.02,2012-09-06 10:30:00-04:00,2012-09-06 10:30:00-04:00,0.0015,3.0,15:30:00,1411.0,2012-09-06 09:30:00-04:00,1424.0,1410.75,2012-09-06 10:30:00-04:00,2012-09-06 10:30:00-04:00,1423.5,1421.25,1430.25,2.25,1,6.75,0.25,fixed_contracts,2012-09-06 11:58:00-04:00,1430.0,target,325.0,320.0,2.888888888888889,5.0,25.0,True,16:59:59,16:58:30,16:45:00,False,True,True,True,True,False
